4.666086807,0.020642976,0.012428233,0.009025575,0.012428233,0.020642976,0.028857719,0.032111836,0.028857719,0.020642976,0.007654327,0.000166509,0.000479073,0.000166509,0.007654327,0.020642976,0.032116802,0.032145769,0.032152033,0.032145769,0.032116802,0.020642976,0.000355922,0.001973650,0.002565780,0.001973650,0.000355922,0.020642976,0.032149565,0.032169072,0.032172201,0.032169072,0.032149565,0.020642976,0.003724225,0.003773593,0.003724225,0.020642976,0.032175914,0.032174978,0.032175914
0.020642976,5.027682661,0.012428233,0.009025575,0.012428233,0.020642976,0.028857719,0.032111836,0.028857719,0.020642976,0.007654327,0.000166509,0.000479073,0.000166509,0.007654327,0.020642976,0.032116802,0.032145769,0.032152033,0.032145769,0.032116802,0.020642976,0.000355922,0.001973650,0.002565780,0.001973650,0.000355922,0.020642976,0.032149565,0.032169072,0.032172201,0.032169072,0.032149565,0.020642976,0.003724225,0.003773593,0.003724225,0.020642976,0.032175914,0.032174978,0.032175914
0.012428233,0.012428233,8.601058282,0.005433904,0.007482496,0.012428233,0.017373971,0.019333132,0.017373971,0.012428233,0.004608336,0.000100248,0.000288429,0.000100248,0.004608336,0.012428233,0.019336122,0.019353562,0.019357333,0.019353562,0.019336122,0.012428233,0.000214285,0.001188249,0.001544744,0.001188249,0.000214285,0.012428233,0.019355847,0.019367591,0.019369475,0.019367591,0.019355847,0.012428233,0.002242193,0.002271915,0.002242193,0.012428233,0.019371711,0.019371147,0.019371711
0.009025575,0.009025575,0.005433904,10.083113867,0.005433904,0.009025575,0.012617246,0.014040020,0.012617246,0.009025575,0.003346645,0.000072802,0.000209462,0.000072802,0.003346645,0.009025575,0.014042191,0.014054856,0.014057595,0.014054856,0.014042191,0.009025575,0.000155617,0.000862924,0.001121817,0.000862924,0.000155617,0.009025575,0.014056516,0.014065045,0.014066413,0.014065045,0.014056516,0.009025575,0.001628315,0.001649900,0.001628315,0.009025575,0.014068036,0.014067627,0.014068036
0.012428233,0.012428233,0.007482496,0.005433904,8.601058282,0.012428233,0.017373971,0.019333132,0.017373971,0.012428233,0.004608336,0.000100248,0.000288429,0.000100248,0.004608336,0.012428233,0.019336122,0.019353562,0.019357333,0.019353562,0.019336122,0.012428233,0.000214285,0.001188249,0.001544744,0.001188249,0.000214285,0.012428233,0.019355847,0.019367591,0.019369475,0.019367591,0.019355847,0.012428233,0.002242193,0.002271915,0.002242193,0.012428233,0.019371711,0.019371147,0.019371711
0.020642976,0.020642976,0.012428233,0.009025575,0.012428233,5.027682661,0.028857719,0.032111836,0.028857719,0.020642976,0.007654327,0.000166509,0.000479073,0.000166509,0.007654327,0.020642976,0.032116802,0.032145769,0.032152033,0.032145769,0.032116802,0.020642976,0.000355922,0.001973650,0.002565780,0.001973650,0.000355922,0.020642976,0.032149565,0.032169072,0.032172201,0.032169072,0.032149565,0.020642976,0.003724225,0.003773593,0.003724225,0.020642976,0.032175914,0.032174978,0.032175914
0.028857719,0.028857719,0.017373971,0.012617246,0.017373971,0.028857719,1.460845051,0.044890540,0.040341468,0.028857719,0.010700319,0.000232770,0.000669717,0.000232770,0.010700319,0.028857719,0.044897482,0.044937977,0.044946733,0.044937977,0.044897482,0.028857719,0.000497559,0.002759052,0.003586816,0.002759052,0.000497559,0.028857719,0.044943283,0.044970552,0.044974927,0.044970552,0.044943283,0.028857719,0.005206257,0.005275271,0.005206257,0.028857719,0.044980117,0.044978809,0.044980117
0.032111001,0.032111001,0.019332629,0.014039655,0.019332629,0.032111001,0.044890540,0.049956856,0.044890540,0.032111001,0.011906621,0.000258628,0.000744114,0.000258628,0.011906621,0.032111001,0.050003864,0.050235374,0.050245143,0.050235374,0.050003864,0.032111001,0.000552831,0.003065545,0.003985262,0.003065545,0.000552831,0.032111001,0.050241294,0.050271730,0.050276617,0.050271730,0.050241294,0.032111001,0.005794727,0.005874050,0.005794727,0.032111001,0.050282446,0.050281008,0.050282446
0.028857719,0.028857719,0.017373971,0.012617246,0.017373971,0.028857719,0.040341468,0.044890540,1.460845051,0.028857719,0.010700319,0.000232770,0.000669717,0.000232770,0.010700319,0.028857719,0.044897482,0.044937977,0.044946733,0.044937977,0.044897482,0.028857719,0.000497559,0.002759052,0.003586816,0.002759052,0.000497559,0.028857719,0.044943283,0.044970552,0.044974927,0.044970552,0.044943283,0.028857719,0.005206257,0.005275271,0.005206257,0.028857719,0.044980117,0.044978809,0.044980117
0.020642976,0.020642976,0.012428233,0.009025575,0.012428233,0.020642976,0.028857719,0.032111836,0.028857719,4.662424039,0.007654327,0.000166509,0.000479073,0.000166509,0.007654327,0.020642976,0.032116802,0.032145769,0.032152033,0.032145769,0.032116802,0.020642976,0.000355922,0.001973650,0.002565780,0.001973650,0.000355922,0.020642976,0.032149565,0.032169072,0.032172201,0.032169072,0.032149565,0.020642976,0.003724225,0.003773593,0.003724225,0.020642976,0.032175914,0.032174978,0.032175914
0.007654327,0.007654327,0.004608336,0.003346645,0.004608336,0.007654327,0.010700319,0.011906931,0.010700319,0.007654327,9.901750627,0.000061741,0.000177638,0.000061741,0.002838192,0.007654327,0.011908773,0.011919514,0.011921836,0.011919514,0.011908773,0.007654327,0.000131974,0.000731821,0.000951380,0.000731821,0.000131974,0.007654327,0.011920921,0.011928154,0.011929314,0.011928154,0.011920921,0.007654327,0.001380927,0.001399232,0.001380927,0.007654327,0.011930691,0.011930344,0.011930691
0.000166509,0.000166509,0.000100248,0.000072802,0.000100248,0.000166509,0.000232770,0.000259553,0.000232770,0.000166509,0.000061741,12.246740766,0.000479096,0.000166517,0.000061741,0.000166509,0.000264515,0.000294050,0.000300997,0.000294050,0.000264515,0.000166509,0.000355939,0.001973744,0.002565901,0.001973744,0.000355939,0.000166509,0.000298260,0.000321785,0.000326533,0.000321785,0.000298260,0.000166509,0.002889941,0.002889835,0.002889941,0.000166509,0.000338683,0.000342201,0.000338683
0.000479073,0.000479073,0.000288429,0.000209462,0.000288429,0.000479073,0.000669717,0.000746777,0.000669717,0.000479073,0.000177638,0.000479096,10.839308578,0.000479096,0.000177638,0.000479073,0.000761051,0.000846028,0.000866015,0.000846028,0.000761051,0.000479073,0.001024092,0.005678775,0.007382507,0.005678775,0.001024092,0.000479073,0.000858140,0.000925826,0.000939489,0.000925826,0.000858140,0.000479073,0.008314820,0.008314516,0.008314820,0.000479073,0.000974446,0.000984567,0.000974446
0.000166509,0.000166509,0.000100248,0.000072802,0.000100248,0.000166509,0.000232770,0.000259553,0.000232770,0.000166509,0.000061741,0.000166517,0.000479096,12.246740766,0.000061741,0.000166509,0.000264515,0.000294050,0.000300997,0.000294050,0.000264515,0.000166509,0.000355939,0.001973744,0.002565901,0.001973744,0.000355939,0.000166509,0.000298260,0.000321785,0.000326533,0.000321785,0.000298260,0.000166509,0.002889941,0.002889835,0.002889941,0.000166509,0.000338683,0.000342201,0.000338683
0.007654327,0.007654327,0.004608336,0.003346645,0.004608336,0.007654327,0.010700319,0.011906931,0.010700319,0.007654327,0.002838192,0.000061741,0.000177638,0.000061741,9.901750627,0.007654327,0.011908773,0.011919514,0.011921836,0.011919514,0.011908773,0.007654327,0.000131974,0.000731821,0.000951380,0.000731821,0.000131974,0.007654327,0.011920921,0.011928154,0.011929314,0.011928154,0.011920921,0.007654327,0.001380927,0.001399232,0.001380927,0.007654327,0.011930691,0.011930344,0.011930691
0.020642976,0.020642976,0.012428233,0.009025575,0.012428233,0.020642976,0.028857719,0.032111836,0.028857719,0.020642976,0.007654327,0.000166509,0.000479073,0.000166509,0.007654327,4.662424039,0.032116802,0.032145769,0.032152033,0.032145769,0.032116802,0.020642976,0.000355922,0.001973650,0.002565780,0.001973650,0.000355922,0.020642976,0.032149565,0.032169072,0.032172201,0.032169072,0.032149565,0.020642976,0.003724225,0.003773593,0.003724225,0.020642976,0.032175914,0.032174978,0.032175914
0.032108281,0.032108281,0.019330992,0.014038466,0.019330992,0.032108281,0.044897482,0.050003864,0.044897482,0.032108281,0.011905613,0.000255076,0.000733893,0.000255076,0.011905613,0.032108281,0.050412204,0.052358680,0.052368690,0.052358680,0.050412204,0.032108281,0.000545237,0.003023439,0.003930523,0.003023439,0.000545237,0.032108281,0.052364746,0.052396023,0.052401092,0.052396023,0.052364746,0.032108281,0.005808413,0.005910995,0.005808413,0.032108281,0.052407416,0.052406134,0.052407416
0.032089100,0.032089100,0.019319444,0.014030079,0.019319444,0.032089100,0.044937977,0.050235374,0.044937977,0.032089100,0.011898501,0.000231664,0.000666533,0.000231664,0.011898501,0.032089100,0.052358680,0.063482939,0.064698080,0.063482939,0.052358680,0.032089100,0.000495193,0.002745934,0.003569762,0.002745934,0.000495193,0.032089100,0.064219311,0.067115967,0.067122236,0.067115967,0.064219311,0.032089100,0.005804409,0.006051116,0.005804409,0.032089100,0.067132028,0.067131937,0.067132028
0.032081822,0.032081822,0.019315062,0.014026897,0.019315062,0.032081822,0.044946733,0.050245143,0.044946733,0.032081822,0.011895802,0.000224063,0.000644664,0.000224063,0.011895802,0.032081822,0.052368690,0.064698080,0.067309570,0.064698080,0.052368690,0.032081822,0.000478946,0.002655839,0.003452637,0.002655839,0.000478946,0.032081822,0.066280635,0.072495835,0.072502495,0.072495835,0.066280635,0.032081822,0.005724441,0.006010283,0.005724441,0.032081822,0.072513589,0.072514016,0.072513589
0.032089100,0.032089100,0.019319444,0.014030079,0.019319444,0.032089100,0.044937977,0.050235374,0.044937977,0.032089100,0.011898501,0.000231664,0.000666533,0.000231664,0.011898501,0.032089100,0.052358680,0.063482939,0.064698080,0.063482939,0.052358680,0.032089100,0.000495193,0.002745934,0.003569762,0.002745934,0.000495193,0.032089100,0.064219311,0.067115967,0.067122236,0.067115967,0.064219311,0.032089100,0.005804409,0.006051116,0.005804409,0.032089100,0.067132028,0.067131937,0.067132028
0.032108281,0.032108281,0.019330992,0.014038466,0.019330992,0.032108281,0.044897482,0.050003864,0.044897482,0.032108281,0.011905613,0.000255076,0.000733893,0.000255076,0.011905613,0.032108281,0.050412204,0.052358680,0.052368690,0.052358680,0.050412204,0.032108281,0.000545237,0.003023439,0.003930523,0.003023439,0.000545237,0.032108281,0.052364746,0.052396023,0.052401092,0.052396023,0.052364746,0.032108281,0.005808413,0.005910995,0.005808413,0.032108281,0.052407416,0.052406134,0.052407416
0.020642976,0.020642976,0.012428233,0.009025575,0.012428233,0.020642976,0.028857719,0.032111836,0.028857719,0.020642976,0.007654327,0.000166509,0.000479073,0.000166509,0.007654327,0.020642976,0.032116802,0.032145769,0.032152033,0.032145769,0.032116802,4.662424039,0.000355922,0.001973650,0.002565780,0.001973650,0.000355922,0.020642976,0.032149565,0.032169072,0.032172201,0.032169072,0.032149565,0.020642976,0.003724225,0.003773593,0.003724225,0.020642976,0.032175914,0.032174978,0.032175914
0.000355922,0.000355922,0.000214285,0.000155617,0.000214285,0.000355922,0.000497559,0.000554809,0.000497559,0.000355922,0.000131974,0.000355939,0.001024092,0.000355939,0.000131974,0.000355922,0.000565414,0.000628547,0.000643396,0.000628547,0.000565414,0.000355922,11.393701108,0.004218981,0.005484749,0.004218981,0.000760838,0.000355922,0.000637545,0.000687832,0.000697982,0.000687832,0.000637545,0.000355922,0.006177401,0.006177175,0.006177401,0.000355922,0.000723954,0.000731473,0.000723954
0.001973650,0.001973650,0.001188249,0.000862924,0.001188249,0.001973650,0.002759052,0.003076516,0.002759052,0.001973650,0.000731821,0.001973744,0.005678775,0.001973744,0.000731821,0.001973650,0.003135323,0.003485403,0.003567748,0.003485403,0.003135323,0.001973650,0.004218981,4.125656351,0.030413915,0.023395003,0.004218981,0.001973650,0.003535304,0.003814149,0.003870437,0.003814149,0.003535304,0.001973650,0.034254793,0.034253538,0.034254793,0.001973650,0.004014452,0.004056146,0.004014452
0.002565780,0.002565780,0.001544744,0.001121817,0.001544744,0.002565780,0.003586816,0.003999525,0.003586816,0.002565780,0.000951380,0.002565901,0.007382507,0.002565901,0.000951380,0.002565780,0.004075975,0.004531085,0.004638135,0.004531085,0.004075975,0.002565780,0.005484749,0.030413915,1.473226274,0.030413915,0.005484749,0.002565780,0.004595957,0.004958461,0.005031636,0.004958461,0.004595957,0.002565780,0.044531832,0.044530200,0.044531832,0.002565780,0.005218859,0.005273061,0.005218859
0.001973650,0.001973650,0.001188249,0.000862924,0.001188249,0.001973650,0.002759052,0.003076516,0.002759052,0.001973650,0.000731821,0.001973744,0.005678775,0.001973744,0.000731821,0.001973650,0.003135323,0.003485403,0.003567748,0.003485403,0.003135323,0.001973650,0.004218981,0.023395003,0.030413915,4.125656351,0.004218981,0.001973650,0.003535304,0.003814149,0.003870437,0.003814149,0.003535304,0.001973650,0.034254793,0.034253538,0.034254793,0.001973650,0.004014452,0.004056146,0.004014452
0.000355922,0.000355922,0.000214285,0.000155617,0.000214285,0.000355922,0.000497559,0.000554809,0.000497559,0.000355922,0.000131974,0.000355939,0.001024092,0.000355939,0.000131974,0.000355922,0.000565414,0.000628547,0.000643396,0.000628547,0.000565414,0.000355922,0.000760838,0.004218981,0.005484749,0.004218981,11.393701108,0.000355922,0.000637545,0.000687832,0.000697982,0.000687832,0.000637545,0.000355922,0.006177401,0.006177175,0.006177401,0.000355922,0.000723954,0.000731473,0.000723954
0.020642976,0.020642976,0.012428233,0.009025575,0.012428233,0.020642976,0.028857719,0.032111836,0.028857719,0.020642976,0.007654327,0.000166509,0.000479073,0.000166509,0.007654327,0.020642976,0.032116802,0.032145769,0.032152033,0.032145769,0.032116802,0.020642976,0.000355922,0.001973650,0.002565780,0.001973650,0.000355922,4.662424039,0.032149565,0.032169072,0.032172201,0.032169072,0.032149565,0.020642976,0.003724225,0.003773593,0.003724225,0.020642976,0.032175914,0.032174978,0.032175914
0.032084690,0.032084690,0.019316788,0.014028151,0.019316788,0.032084690,0.044943283,0.050241294,0.044943283,0.032084690,0.011896865,0.000227057,0.000653280,0.000227057,0.011896865,0.032084690,0.052364746,0.064219311,0.066280635,0.064219311,0.052364746,0.032084690,0.000485347,0.002691336,0.003498785,0.002691336,0.000485347,0.032084690,0.065468467,0.070376150,0.070382657,0.070376150,0.065468467,0.032084690,0.005755948,0.006026371,0.005755948,0.032084690,0.070393237,0.070393460,0.070393237
0.032054351,0.032054351,0.019298523,0.014014886,0.019298523,0.032054351,0.044970552,0.050271730,0.044970552,0.032054351,0.011885616,0.000196758,0.000566105,0.000196758,0.011885616,0.032054351,0.052396023,0.067115967,0.072495835,0.067115967,0.052396023,0.032054351,0.000420581,0.002332198,0.003031898,0.002332198,0.000420581,0.032054351,0.070376150,0.088641746,0.092351488,0.088641746,0.070376150,0.032054351,0.005320832,0.005714994,0.005320832,0.032054351,0.098219748,0.098222413,0.098219748
0.032045524,0.032045524,0.019293209,0.014011027,0.019293209,0.032045524,0.044974927,0.050276617,0.044974927,0.032045524,0.011882343,0.000188477,0.000542278,0.000188477,0.011882343,0.032045524,0.052401092,0.067122236,0.072502495,0.067122236,0.052401092,0.032045524,0.000402879,0.002234036,0.002904287,0.002234036,0.000402879,0.032045524,0.070382657,0.092351488,0.098566592,0.092351488,0.070382657,0.032045524,0.005154972,0.005569942,0.005154972,0.032045524,0.108396669,0.108400156,0.108396669
0.032054351,0.032054351,0.019298523,0.014014886,0.019298523,0.032054351,0.044970552,0.050271730,0.044970552,0.032054351,0.011885616,0.000196758,0.000566105,0.000196758,0.011885616,0.032054351,0.052396023,0.067115967,0.072495835,0.067115967,0.052396023,0.032054351,0.000420581,0.002332198,0.003031898,0.002332198,0.000420581,0.032054351,0.070376150,0.088641746,0.092351488,0.088641746,0.070376150,0.032054351,0.005320832,0.005714994,0.005320832,0.032054351,0.098219748,0.098222413,0.098219748
0.032084690,0.032084690,0.019316788,0.014028151,0.019316788,0.032084690,0.044943283,0.050241294,0.044943283,0.032084690,0.011896865,0.000227057,0.000653280,0.000227057,0.011896865,0.032084690,0.052364746,0.064219311,0.066280635,0.064219311,0.052364746,0.032084690,0.000485347,0.002691336,0.003498785,0.002691336,0.000485347,0.032084690,0.065468467,0.070376150,0.070382657,0.070376150,0.065468467,0.032084690,0.005755948,0.006026371,0.005755948,0.032084690,0.070393237,0.070393460,0.070393237
0.020642976,0.020642976,0.012428233,0.009025575,0.012428233,0.020642976,0.028857719,0.032111836,0.028857719,0.020642976,0.007654327,0.000166509,0.000479073,0.000166509,0.007654327,0.020642976,0.032116802,0.032145769,0.032152033,0.032145769,0.032116802,0.020642976,0.000355922,0.001973650,0.002565780,0.001973650,0.000355922,0.020642976,0.032149565,0.032169072,0.032172201,0.032169072,0.032149565,4.433181939,0.003724225,0.003773593,0.003724225,0.020642976,0.032175914,0.032174978,0.032175914
0.003724225,0.003724225,0.002242193,0.001628315,0.002242193,0.003724225,0.002702154,0.003015577,0.002702154,0.003724225,0.001380927,0.002889941,0.008314820,0.002889941,0.001380927,0.003724225,0.003096218,0.003612239,0.003766867,0.003612239,0.003096218,0.003724225,0.006177401,0.034254793,0.044531832,0.034254793,0.006177401,0.003724225,0.003705944,0.004338773,0.004518375,0.004338773,0.003705944,0.003724225,0.124850076,0.128532457,0.124850076,0.003724225,0.005270663,0.005625516,0.005270663
0.003773593,0.003773593,0.002271915,0.001649900,0.002271915,0.003773593,0.002426844,0.002708368,0.002426844,0.003773593,0.001399232,0.002889835,0.008314516,0.002889835,0.001399232,0.003773593,0.002781104,0.003247938,0.003389027,0.003247938,0.002781104,0.003773593,0.006177175,0.034253538,0.044530200,0.034253538,0.006177175,0.003773593,0.003333438,0.003917064,0.004085139,0.003917064,0.003333438,0.003773593,0.128532457,0.168765168,0.128532457,0.003773593,0.004813337,0.005163743,0.004813337
0.003724225,0.003724225,0.002242193,0.001628315,0.002242193,0.003724225,0.002702154,0.003015577,0.002702154,0.003724225,0.001380927,0.002889941,0.008314820,0.002889941,0.001380927,0.003724225,0.003096218,0.003612239,0.003766867,0.003612239,0.003096218,0.003724225,0.006177401,0.034254793,0.044531832,0.034254793,0.006177401,0.003724225,0.003705944,0.004338773,0.004518375,0.004338773,0.003705944,0.003724225,0.124850076,0.128532457,0.124850076,0.003724225,0.005270663,0.005625516,0.005270663
0.020642976,0.020642976,0.012428233,0.009025575,0.012428233,0.020642976,0.028857719,0.032111836,0.028857719,0.020642976,0.007654327,0.000166509,0.000479073,0.000166509,0.007654327,0.020642976,0.032116802,0.032145769,0.032152033,0.032145769,0.032116802,0.020642976,0.000355922,0.001973650,0.002565780,0.001973650,0.000355922,0.020642976,0.032149565,0.032169072,0.032172201,0.032169072,0.032149565,0.020642976,0.003724225,0.003773593,0.003724225,4.433181939,0.032175914,0.032174978,0.032175914
0.032010767,0.032010767,0.019272283,0.013995830,0.019272283,0.032010767,0.044980117,0.050282446,0.044980117,0.032010767,0.011869455,0.000156864,0.000451323,0.000156864,0.011869455,0.032010767,0.052407416,0.067132028,0.072513589,0.067132028,0.052407416,0.032010767,0.000335305,0.001859329,0.002417160,0.001859329,0.000335305,0.032010767,0.070393237,0.098219748,0.108396669,0.098219748,0.070393237,0.032010767,0.004419468,0.004861464,0.004419468,0.032010767,0.164563745,0.194929410,0.164563745
0.031995006,0.031995006,0.019262794,0.013988939,0.019262794,0.031995006,0.044978809,0.050281008,0.044978809,0.031995006,0.011863611,0.000142832,0.000410951,0.000142832,0.011863611,0.031995006,0.052406134,0.067131937,0.072514016,0.067131937,0.052406134,0.031995006,0.000305311,0.001693005,0.002200936,0.001693005,0.000305311,0.031995006,0.070393460,0.098222413,0.108400156,0.098222413,0.070393460,0.031995006,0.004060871,0.004498420,0.004060871,0.031995006,0.194929410,0.248298230,0.194929410
0.032010767,0.032010767,0.019272283,0.013995830,0.019272283,0.032010767,0.044980117,0.050282446,0.044980117,0.032010767,0.011869455,0.000156864,0.000451323,0.000156864,0.011869455,0.032010767,0.052407416,0.067132028,0.072513589,0.067132028,0.052407416,0.032010767,0.000335305,0.001859329,0.002417160,0.001859329,0.000335305,0.032010767,0.070393237,0.098219748,0.108396669,0.098219748,0.070393237,0.032010767,0.004419468,0.004861464,0.004419468,0.032010767,0.164563745,0.194929410,0.164563745
