0.744777394,0.000880716,0.001027059,0.001079354,0.001027059,0.000880716,0.000678369,0.000594554,0.000678369,0.000880716,0.001093636,0.001191529,0.001227361,0.001191529,0.001093636,0.000880716,0.000560777,0.000326566,0.000240838,0.000326566,0.000560777,0.000880716,0.001213243,0.001315352,0.001347004,0.001315352,0.001213243,0.000880716,0.000274615,0.004082427,0.008003637,0.004082427,0.000274615,0.000880716,0.001445989,0.001494778,0.001445989,0.000880716,0.022569948,0.022574689,0.022569948
0.000880716,0.802681432,0.001027059,0.001079354,0.001027059,0.000880716,0.000678369,0.000594554,0.000678369,0.000880716,0.001093636,0.001191529,0.001227361,0.001191529,0.001093636,0.000880716,0.000560777,0.000326566,0.000240838,0.000326566,0.000560777,0.000880716,0.001213243,0.001315352,0.001347004,0.001315352,0.001213243,0.000880716,0.000274615,0.004082427,0.008003637,0.004082427,0.000274615,0.000880716,0.001445989,0.001494778,0.001445989,0.000880716,0.022569948,0.022574689,0.022569948
0.001027059,0.001027059,0.001197118,0.001257766,0.001197118,0.001027059,0.000649998,0.000569689,0.000649998,0.001027059,0.001274123,0.001386193,0.001427213,0.001386193,0.001274123,0.001027059,0.000537324,0.000312908,0.000230766,0.000312908,0.000537324,0.001027059,0.001411051,0.001524866,0.001559762,0.001524866,0.001411051,0.001027059,0.000263130,0.004329412,0.008487853,0.004329412,0.000263130,0.001027059,0.001661972,0.001709236,0.001661972,0.001027059,0.020759461,0.016385949,0.020759461
0.001079354,0.001079354,0.001257766,0.001321328,0.001257766,0.001079354,0.000610871,0.000535396,0.000610871,0.001079354,0.001338366,0.001455073,0.001497790,0.001455073,0.001338366,0.001079354,0.000504980,0.000294072,0.000216875,0.000294072,0.000504980,0.001079354,0.001480959,0.001597875,0.001633517,0.001597875,0.001480959,0.001079354,0.000247291,0.004329043,0.008487129,0.004329043,0.000247291,0.001079354,0.001734163,0.001778903,0.001734163,0.001079354,0.018969965,0.012132176,0.018969965
0.001027059,0.001027059,0.001197118,0.001257766,0.001197118,0.001027059,0.000649998,0.000569689,0.000649998,0.001027059,0.001274123,0.001386193,0.001427213,0.001386193,0.001274123,0.001027059,0.000537324,0.000312908,0.000230766,0.000312908,0.000537324,0.001027059,0.001411051,0.001524866,0.001559762,0.001524866,0.001411051,0.001027059,0.000263130,0.004329412,0.008487853,0.004329412,0.000263130,0.001027059,0.001661972,0.001709236,0.001661972,0.001027059,0.020759461,0.016385949,0.020759461
0.000880716,0.000880716,0.001027059,0.001079354,0.001027059,0.802681432,0.000678369,0.000594554,0.000678369,0.000880716,0.001093636,0.001191529,0.001227361,0.001191529,0.001093636,0.000880716,0.000560777,0.000326566,0.000240838,0.000326566,0.000560777,0.000880716,0.001213243,0.001315352,0.001347004,0.001315352,0.001213243,0.000880716,0.000274615,0.004082427,0.008003637,0.004082427,0.000274615,0.000880716,0.001445989,0.001494778,0.001445989,0.000880716,0.022569948,0.022574689,0.022569948
0.000678369,0.000678369,0.000791089,0.000831369,0.000791089,0.000678369,3.839176746,0.000457954,0.000522512,0.000678369,0.000842370,0.000917772,0.000945371,0.000917772,0.000842370,0.000678369,0.000431937,0.000251536,0.000185505,0.000251536,0.000431937,0.000678369,0.000934497,0.001013146,0.001037526,0.001013146,0.000934497,0.000678369,0.000211522,0.003144478,0.006164778,0.003144478,0.000211522,0.000678369,0.001113769,0.001151349,0.001113769,0.000678369,0.017384437,0.017388088,0.017384437
0.000594554,0.000594554,0.000693347,0.000728651,0.000693347,0.000594554,0.000457954,5.096961520,0.000457954,0.000594554,0.000738292,0.000804378,0.000828567,0.000804378,0.000738292,0.000594554,0.000378570,0.000220458,0.000162585,0.000220458,0.000378570,0.000594554,0.000819036,0.000887968,0.000909336,0.000887968,0.000819036,0.000594554,0.000185387,0.002755966,0.005403098,0.002755966,0.000185387,0.000594554,0.000976159,0.001009095,0.000976159,0.000594554,0.015236527,0.015239728,0.015236527
0.000678369,0.000678369,0.000791089,0.000831369,0.000791089,0.000678369,0.000522512,0.000457954,3.839176746,0.000678369,0.000842370,0.000917772,0.000945371,0.000917772,0.000842370,0.000678369,0.000431937,0.000251536,0.000185505,0.000251536,0.000431937,0.000678369,0.000934497,0.001013146,0.001037526,0.001013146,0.000934497,0.000678369,0.000211522,0.003144478,0.006164778,0.003144478,0.000211522,0.000678369,0.001113769,0.001151349,0.001113769,0.000678369,0.017384437,0.017388088,0.017384437
0.000880716,0.000880716,0.001027059,0.001079354,0.001027059,0.000880716,0.000678369,0.000594554,0.000678369,0.744190858,0.001093636,0.001191529,0.001227361,0.001191529,0.001093636,0.000880716,0.000560777,0.000326566,0.000240838,0.000326566,0.000560777,0.000880716,0.001213243,0.001315352,0.001347004,0.001315352,0.001213243,0.000880716,0.000274615,0.004082427,0.008003637,0.004082427,0.000274615,0.000880716,0.001445989,0.001494778,0.001445989,0.000880716,0.022569948,0.022574689,0.022569948
0.001093636,0.001093636,0.001274123,0.001338366,0.001274123,0.001093636,0.000599717,0.000525620,0.000599717,0.001093636,0.001355515,0.001472961,0.001515949,0.001472961,0.001355515,0.001093636,0.000495759,0.000288703,0.000212915,0.000288703,0.000495759,0.001093636,0.001499012,0.001615619,0.001651030,0.001615619,0.001499012,0.001093636,0.000242776,0.004328912,0.008486873,0.004328912,0.000242776,0.001093636,0.001748705,0.001790968,0.001748705,0.001093636,0.018249009,0.011071292,0.018249009
0.001191529,0.001191529,0.001386193,0.001455073,0.001386193,0.001191529,0.000523148,0.000458511,0.000523148,0.001191529,0.001472961,0.001595346,0.001640142,0.001595346,0.001472961,0.001191529,0.000432463,0.000251843,0.000185731,0.000251843,0.000432463,0.001191529,0.001622492,0.001736694,0.001770417,0.001736694,0.001622492,0.001191529,0.000211779,0.004328008,0.008485099,0.004328008,0.000211779,0.001191529,0.001847102,0.001871947,0.001847102,0.001191529,0.013249874,0.003824591,0.013249874
0.001227361,0.001227361,0.001427213,0.001497790,0.001427213,0.001227361,0.000495122,0.000433948,0.000495122,0.001227361,0.001515949,0.001640142,0.001685599,0.001640142,0.001515949,0.001227361,0.000409295,0.000238351,0.000175781,0.000238351,0.000409295,0.001227361,0.001667689,0.001781010,0.001814115,0.001781010,0.001667689,0.001227361,0.000200434,0.004327676,0.008484450,0.004327676,0.000200434,0.001227361,0.001883118,0.001901587,0.001883118,0.001227361,0.011420064,0.001172114,0.011420064
0.001191529,0.001191529,0.001386193,0.001455073,0.001386193,0.001191529,0.000523148,0.000458511,0.000523148,0.001191529,0.001472961,0.001595346,0.001640142,0.001595346,0.001472961,0.001191529,0.000432463,0.000251843,0.000185731,0.000251843,0.000432463,0.001191529,0.001622492,0.001736694,0.001770417,0.001736694,0.001622492,0.001191529,0.000211779,0.004328008,0.008485099,0.004328008,0.000211779,0.001191529,0.001847102,0.001871947,0.001847102,0.001191529,0.013249874,0.003824591,0.013249874
0.001093636,0.001093636,0.001274123,0.001338366,0.001274123,0.001093636,0.000599717,0.000525620,0.000599717,0.001093636,0.001355515,0.001472961,0.001515949,0.001472961,0.001355515,0.001093636,0.000495759,0.000288703,0.000212915,0.000288703,0.000495759,0.001093636,0.001499012,0.001615619,0.001651030,0.001615619,0.001499012,0.001093636,0.000242776,0.004328912,0.008486873,0.004328912,0.000242776,0.001093636,0.001748705,0.001790968,0.001748705,0.001093636,0.018249009,0.011071292,0.018249009
0.000880716,0.000880716,0.001027059,0.001079354,0.001027059,0.000880716,0.000678369,0.000594554,0.000678369,0.000880716,0.001093636,0.001191529,0.001227361,0.001191529,0.001093636,0.744190858,0.000560777,0.000326566,0.000240838,0.000326566,0.000560777,0.000880716,0.001213243,0.001315352,0.001347004,0.001315352,0.001213243,0.000880716,0.000274615,0.004082427,0.008003637,0.004082427,0.000274615,0.000880716,0.001445989,0.001494778,0.001445989,0.000880716,0.022569948,0.022574689,0.022569948
0.000560777,0.000560777,0.000653958,0.000687256,0.000653958,0.000560777,0.000431937,0.000378570,0.000431937,0.000560777,0.000696349,0.000758681,0.000781496,0.000758681,0.000696349,0.000560777,5.195075877,0.000207934,0.000153349,0.000207934,0.000357063,0.000560777,0.000772507,0.000837522,0.000857676,0.000837522,0.000772507,0.000560777,0.000174855,0.002599399,0.005096146,0.002599399,0.000174855,0.000560777,0.000920703,0.000951768,0.000920703,0.000560777,0.014370934,0.014373953,0.014370934
0.000326566,0.000326566,0.000380829,0.000400220,0.000380829,0.000326566,0.000251536,0.000220458,0.000251536,0.000326566,0.000405515,0.000441814,0.000455100,0.000441814,0.000405515,0.000326566,0.000207934,8.453497216,0.000089302,0.000121089,0.000207934,0.000326566,0.000449865,0.000487727,0.000499463,0.000487727,0.000449865,0.000326566,0.000101826,0.001513747,0.002967714,0.001513747,0.000101826,0.000326566,0.000536166,0.000554257,0.000536166,0.000326566,0.008368840,0.008370598,0.008368840
0.000240838,0.000240838,0.000280857,0.000295157,0.000280857,0.000240838,0.000185505,0.000162585,0.000185505,0.000240838,0.000299063,0.000325833,0.000335631,0.000325833,0.000299063,0.000240838,0.000153349,0.000089302,9.646193345,0.000089302,0.000153349,0.000240838,0.000331770,0.000359693,0.000368348,0.000359693,0.000331770,0.000240838,0.000075096,0.001116370,0.002188654,0.001116370,0.000075096,0.000240838,0.000395416,0.000408758,0.000395416,0.000240838,0.006171921,0.006173217,0.006171921
0.000326566,0.000326566,0.000380829,0.000400220,0.000380829,0.000326566,0.000251536,0.000220458,0.000251536,0.000326566,0.000405515,0.000441814,0.000455100,0.000441814,0.000405515,0.000326566,0.000207934,0.000121089,0.000089302,8.453497216,0.000207934,0.000326566,0.000449865,0.000487727,0.000499463,0.000487727,0.000449865,0.000326566,0.000101826,0.001513747,0.002967714,0.001513747,0.000101826,0.000326566,0.000536166,0.000554257,0.000536166,0.000326566,0.008368840,0.008370598,0.008368840
0.000560777,0.000560777,0.000653958,0.000687256,0.000653958,0.000560777,0.000431937,0.000378570,0.000431937,0.000560777,0.000696349,0.000758681,0.000781496,0.000758681,0.000696349,0.000560777,0.000357063,0.000207934,0.000153349,0.000207934,5.195075877,0.000560777,0.000772507,0.000837522,0.000857676,0.000837522,0.000772507,0.000560777,0.000174855,0.002599399,0.005096146,0.002599399,0.000174855,0.000560777,0.000920703,0.000951768,0.000920703,0.000560777,0.014370934,0.014373953,0.014370934
0.000880716,0.000880716,0.001027059,0.001079354,0.001027059,0.000880716,0.000678369,0.000594554,0.000678369,0.000880716,0.001093636,0.001191529,0.001227361,0.001191529,0.001093636,0.000880716,0.000560777,0.000326566,0.000240838,0.000326566,0.000560777,0.744190858,0.001213243,0.001315352,0.001347004,0.001315352,0.001213243,0.000880716,0.000274615,0.004082427,0.008003637,0.004082427,0.000274615,0.000880716,0.001445989,0.001494778,0.001445989,0.000880716,0.022569948,0.022574689,0.022569948
0.001213243,0.001213243,0.001411051,0.001480959,0.001411051,0.001213243,0.000506164,0.000443626,0.000506164,0.001213243,0.001499012,0.001622492,0.001667689,0.001622492,0.001499012,0.001213243,0.000418423,0.000243667,0.000179701,0.000243667,0.000418423,0.001213243,0.001649881,0.001763549,0.001796898,0.001763549,0.001649881,0.001213243,0.000204904,0.004327807,0.008484705,0.004327807,0.000204904,0.001213243,0.001868928,0.001889909,0.001868928,0.001213243,0.012141015,0.002217198,0.012141015
0.001315352,0.001315352,0.001524866,0.001597875,0.001524866,0.001315352,0.000425638,0.000373049,0.000425638,0.001315352,0.001615619,0.001736694,0.001781010,0.001736694,0.001615619,0.001315352,0.000351856,0.000204901,0.000151112,0.000204901,0.000351856,0.001315352,0.001763549,0.001859485,0.001885439,0.001859485,0.001763549,0.001315352,0.000172305,0.004326782,0.008482696,0.004326782,0.000172305,0.001315352,0.001908318,0.001893358,0.001908318,0.001315352,0.005552785,0.000042904,0.005552785
0.001347004,0.001347004,0.001559762,0.001633517,0.001559762,0.001347004,0.000400594,0.000351099,0.000400594,0.001347004,0.001651030,0.001770417,0.001814115,0.001770417,0.001651030,0.001347004,0.000331153,0.000192845,0.000142221,0.000192845,0.000331153,0.001347004,0.001796898,0.001885439,0.001908397,0.001885439,0.001796898,0.001347004,0.000162167,0.004326454,0.008482053,0.004326454,0.000162167,0.001347004,0.001912642,0.001884325,0.001912642,0.001347004,0.003339223,0.000040365,0.003339223
0.001315352,0.001315352,0.001524866,0.001597875,0.001524866,0.001315352,0.000425638,0.000373049,0.000425638,0.001315352,0.001615619,0.001736694,0.001781010,0.001736694,0.001615619,0.001315352,0.000351856,0.000204901,0.000151112,0.000204901,0.000351856,0.001315352,0.001763549,0.001859485,0.001885439,0.001859485,0.001763549,0.001315352,0.000172305,0.004326782,0.008482696,0.004326782,0.000172305,0.001315352,0.001908318,0.001893358,0.001908318,0.001315352,0.005552785,0.000042904,0.005552785
0.001213243,0.001213243,0.001411051,0.001480959,0.001411051,0.001213243,0.000506164,0.000443626,0.000506164,0.001213243,0.001499012,0.001622492,0.001667689,0.001622492,0.001499012,0.001213243,0.000418423,0.000243667,0.000179701,0.000243667,0.000418423,0.001213243,0.001649881,0.001763549,0.001796898,0.001763549,0.001649881,0.001213243,0.000204904,0.004327807,0.008484705,0.004327807,0.000204904,0.001213243,0.001868928,0.001889909,0.001868928,0.001213243,0.012141015,0.002217198,0.012141015
0.000880716,0.000880716,0.001027059,0.001079354,0.001027059,0.000880716,0.000678369,0.000594554,0.000678369,0.000880716,0.001093636,0.001191529,0.001227361,0.001191529,0.001093636,0.000880716,0.000560777,0.000326566,0.000240838,0.000326566,0.000560777,0.000880716,0.001213243,0.001315352,0.001347004,0.001315352,0.001213243,0.744190858,0.000274615,0.004082427,0.008003637,0.004082427,0.000274615,0.000880716,0.001445989,0.001494778,0.001445989,0.000880716,0.022569948,0.022574689,0.022569948
0.000274615,0.000274615,0.000320246,0.000336552,0.000320246,0.000274615,0.000211522,0.000185387,0.000211522,0.000274615,0.000341006,0.000371530,0.000382702,0.000371530,0.000341006,0.000274615,0.000174855,0.000101826,0.000075096,0.000101826,0.000174855,0.000274615,0.000378300,0.000410139,0.000420008,0.000410139,0.000378300,0.000274615,9.176265396,0.001272938,0.002495606,0.001272938,0.000085628,0.000274615,0.000450872,0.000466085,0.000450872,0.000274615,0.007037514,0.007038992,0.007037514
0.004082427,0.004082427,0.004330923,0.004331404,0.004330923,0.004082427,0.003144478,0.002755966,0.003144478,0.004082427,0.004331527,0.004332366,0.004332674,0.004332366,0.004331527,0.004082427,0.002599399,0.001513747,0.001116370,0.001513747,0.002599399,0.004082427,0.004332553,0.004333314,0.004333535,0.004333314,0.004332553,0.004082427,0.001272938,10.644537623,0.000063639,0.000032461,0.001272938,0.004082427,0.004334020,0.004334165,0.004334020,0.004082427,0.000244395,0.000271615,0.000244395
0.008003637,0.008003637,0.008490815,0.008491758,0.008490815,0.008003637,0.006164778,0.005403098,0.006164778,0.008003637,0.008491999,0.008493644,0.008494247,0.008493644,0.008491999,0.008003637,0.005096146,0.002967714,0.002188654,0.002967714,0.005096146,0.008003637,0.008494010,0.008495502,0.008495936,0.008495502,0.008494010,0.008003637,0.002495606,0.000063639,8.385049321,0.000063639,0.002495606,0.008003637,0.008496887,0.008497171,0.008496887,0.008003637,0.000479138,0.000532503,0.000479138
0.004082427,0.004082427,0.004330923,0.004331404,0.004330923,0.004082427,0.003144478,0.002755966,0.003144478,0.004082427,0.004331527,0.004332366,0.004332674,0.004332366,0.004331527,0.004082427,0.002599399,0.001513747,0.001116370,0.001513747,0.002599399,0.004082427,0.004332553,0.004333314,0.004333535,0.004333314,0.004332553,0.004082427,0.001272938,0.000032461,0.000063639,10.644537623,0.001272938,0.004082427,0.004334020,0.004334165,0.004334020,0.004082427,0.000244395,0.000271615,0.000244395
0.000274615,0.000274615,0.000320246,0.000336552,0.000320246,0.000274615,0.000211522,0.000185387,0.000211522,0.000274615,0.000341006,0.000371530,0.000382702,0.000371530,0.000341006,0.000274615,0.000174855,0.000101826,0.000075096,0.000101826,0.000174855,0.000274615,0.000378300,0.000410139,0.000420008,0.000410139,0.000378300,0.000274615,0.000085628,0.001272938,0.002495606,0.001272938,9.176265396,0.000274615,0.000450872,0.000466085,0.000450872,0.000274615,0.007037514,0.007038992,0.007037514
0.000880716,0.000880716,0.001027059,0.001079354,0.001027059,0.000880716,0.000678369,0.000594554,0.000678369,0.000880716,0.001093636,0.001191529,0.001227361,0.001191529,0.001093636,0.000880716,0.000560777,0.000326566,0.000240838,0.000326566,0.000560777,0.000880716,0.001213243,0.001315352,0.001347004,0.001315352,0.001213243,0.000880716,0.000274615,0.004082427,0.008003637,0.004082427,0.000274615,0.707481247,0.001445989,0.001494778,0.001445989,0.000880716,0.022569948,0.022574689,0.022569948
0.001445989,0.001445989,0.001661972,0.001734163,0.001661972,0.001445989,0.000318021,0.000278728,0.000318021,0.001445989,0.001748705,0.001847102,0.001883118,0.001847102,0.001748705,0.001445989,0.000262894,0.000153095,0.000112906,0.000153095,0.000262894,0.001445989,0.001868928,0.001908318,0.001912642,0.001908318,0.001868928,0.001445989,0.000128740,0.004325350,0.008479890,0.004325350,0.000128740,0.001445989,0.001829319,0.001744655,0.001829319,0.001445989,0.000030464,0.000031964,0.000030464
0.001494778,0.001494778,0.001709236,0.001778903,0.001709236,0.001494778,0.000275407,0.000241379,0.000275407,0.001494778,0.001790968,0.001871947,0.001901587,0.001871947,0.001790968,0.001494778,0.000227666,0.000132580,0.000097776,0.000132580,0.000227666,0.001494778,0.001889909,0.001893358,0.001884325,0.001893358,0.001889909,0.001494778,0.000111489,0.004324771,0.008478754,0.004324771,0.000111489,0.001494778,0.001744655,0.001625657,0.001744655,0.001494778,0.000026311,0.000027616,0.000026311
0.001445989,0.001445989,0.001661972,0.001734163,0.001661972,0.001445989,0.000318021,0.000278728,0.000318021,0.001445989,0.001748705,0.001847102,0.001883118,0.001847102,0.001748705,0.001445989,0.000262894,0.000153095,0.000112906,0.000153095,0.000262894,0.001445989,0.001868928,0.001908318,0.001912642,0.001908318,0.001868928,0.001445989,0.000128740,0.004325350,0.008479890,0.004325350,0.000128740,0.001445989,0.001829319,0.001744655,0.001829319,0.001445989,0.000030464,0.000031964,0.000030464
0.000880716,0.000880716,0.001027059,0.001079354,0.001027059,0.000880716,0.000678369,0.000594554,0.000678369,0.000880716,0.001093636,0.001191529,0.001227361,0.001191529,0.001093636,0.000880716,0.000560777,0.000326566,0.000240838,0.000326566,0.000560777,0.000880716,0.001213243,0.001315352,0.001347004,0.001315352,0.001213243,0.000880716,0.000274615,0.004082427,0.008003637,0.004082427,0.000274615,0.000880716,0.001445989,0.001494778,0.001445989,0.707481247,0.022569948,0.022574689,0.022569948
0.022539754,0.022539754,0.020735764,0.018950956,0.020735764,0.022539754,0.017384437,0.015236527,0.017384437,0.022539754,0.018231407,0.013241944,0.011415674,0.013241944,0.018231407,0.022539754,0.014370934,0.008368840,0.006171921,0.008368840,0.014370934,0.022539754,0.012135230,0.005556801,0.003346241,0.005556801,0.012135230,0.022539754,0.007037514,0.000244395,0.000479138,0.000244395,0.007037514,0.022539754,0.000046196,0.000046035,0.000046196,0.022539754,0.001784691,0.001900675,0.001784691
0.022531942,0.022531942,0.016349071,0.012100059,0.016349071,0.022531942,0.017388088,0.015239728,0.017388088,0.022531942,0.011040578,0.003803516,0.001154568,0.003803516,0.011040578,0.022531942,0.014373953,0.008370598,0.006173217,0.008370598,0.014373953,0.022531942,0.002198261,0.000033714,0.000034158,0.000033714,0.002198261,0.022531942,0.007038992,0.000271615,0.000532503,0.000271615,0.007038992,0.022531942,0.000034630,0.000034450,0.000034630,0.022531942,0.001900675,0.001923546,0.001900675
0.022539754,0.022539754,0.020735764,0.018950956,0.020735764,0.022539754,0.017384437,0.015236527,0.017384437,0.022539754,0.018231407,0.013241944,0.011415674,0.013241944,0.018231407,0.022539754,0.014370934,0.008368840,0.006171921,0.008368840,0.014370934,0.022539754,0.012135230,0.005556801,0.003346241,0.005556801,0.012135230,0.022539754,0.007037514,0.000244395,0.000479138,0.000244395,0.007037514,0.022539754,0.000046196,0.000046035,0.000046196,0.022539754,0.001784691,0.001900675,0.001784691
