0.021263409,0.021263409,0.022550480,0.022548920,0.022550480,0.021263409,0.016378079,0.014354509,0.016378079,0.021263409,0.022548291,0.022543932,0.022542337,0.022543932,0.022548291,0.021263409,0.013539024,0.007884381,0.005814638,0.007884381,0.013539024,0.021263409,0.022542966,0.022535866,0.022535866,0.022535866,0.022542966,0.021263409,0.006630123,0.000169061,0.000331447,0.000169061,0.006630123,0.021263409,0.022535866,0.022535866,0.022535866,0.021263409,0.001257630,0.001322013,0.001257630
0.021263409,0.021263409,0.022550480,0.022548920,0.022550480,0.021263409,0.016378079,0.014354509,0.016378079,0.021263409,0.022548291,0.022543932,0.022542337,0.022543932,0.022548291,0.021263409,0.013539024,0.007884381,0.005814638,0.007884381,0.013539024,0.021263409,0.022542966,0.022535866,0.022535866,0.022535866,0.022542966,0.021263409,0.006630123,0.000169061,0.000331447,0.000169061,0.006630123,0.021263409,0.022535866,0.022535866,0.022535866,0.021263409,0.001257630,0.001322013,0.001257630
0.016378079,0.016378079,0.017369441,0.017368240,0.017369441,0.016378079,0.012615167,0.011056518,0.012615167,0.016378079,0.017367756,0.017364398,0.017363169,0.017364398,0.017367756,0.016378079,0.010428393,0.006072921,0.004478708,0.006072921,0.010428393,0.016378079,0.017363653,0.017358185,0.017358185,0.017358185,0.017363653,0.016378079,0.005106833,0.000130219,0.000255296,0.000130219,0.005106833,0.016378079,0.017358185,0.017358185,0.017358185,0.016378079,0.000968686,0.001018277,0.000968686
0.014354509,0.014354509,0.015223385,0.015222332,0.015223385,0.014354509,0.011056518,0.009690446,0.011056518,0.014354509,0.015221907,0.015218965,0.015217888,0.015218965,0.015221907,0.014354509,0.009139928,0.005322590,0.003925348,0.005322590,0.009139928,0.014354509,0.015218312,0.015213519,0.015213519,0.015213519,0.015218312,0.014354509,0.004475866,0.000114130,0.000223753,0.000114130,0.004475866,0.014354509,0.015213519,0.015213519,0.015213519,0.014354509,0.000849002,0.000892465,0.000849002
0.016378079,0.016378079,0.017369441,0.017368240,0.017369441,0.016378079,0.012615167,0.011056518,0.012615167,0.016378079,0.017367756,0.017364398,0.017363169,0.017364398,0.017367756,0.016378079,0.010428393,0.006072921,0.004478708,0.006072921,0.010428393,0.016378079,0.017363653,0.017358185,0.017358185,0.017358185,0.017363653,0.016378079,0.005106833,0.000130219,0.000255296,0.000130219,0.005106833,0.016378079,0.017358185,0.017358185,0.017358185,0.016378079,0.000968686,0.001018277,0.000968686
0.021263409,0.021263409,0.022550480,0.022548920,0.022550480,0.021263409,0.016378079,0.014354509,0.016378079,0.021263409,0.022548291,0.022543932,0.022542337,0.022543932,0.022548291,0.021263409,0.013539024,0.007884381,0.005814638,0.007884381,0.013539024,0.021263409,0.022542966,0.022535866,0.022535866,0.022535866,0.022542966,0.021263409,0.006630123,0.000169061,0.000331447,0.000169061,0.006630123,0.021263409,0.022535866,0.022535866,0.022535866,0.021263409,0.001257630,0.001322013,0.001257630
0.022550480,0.022550480,0.024522392,0.024862325,0.024522392,0.022550480,0.017369441,0.015223385,0.017369441,0.022550480,0.024999317,0.025949224,0.026296914,0.025949224,0.024999317,0.022550480,0.014358538,0.008361621,0.006166597,0.008361621,0.014358538,0.022550480,0.026159923,0.027707053,0.027707053,0.027707053,0.026159923,0.022550480,0.007031443,0.000167442,0.000328272,0.000167442,0.007031443,0.022550480,0.027707053,0.027707053,0.027707053,0.022550480,0.001257473,0.001323604,0.001257473
0.022548920,0.022548920,0.024862325,0.025394508,0.024862325,0.022548920,0.017368240,0.015222332,0.017368240,0.022548920,0.025608974,0.027096099,0.027640425,0.027096099,0.025608974,0.022548920,0.014357545,0.008361043,0.006166171,0.008361043,0.014357545,0.022548920,0.027425959,0.029848063,0.029848063,0.029848063,0.027425959,0.022548920,0.007030957,0.000160759,0.000315169,0.000160759,0.007030957,0.022548920,0.029848063,0.029848063,0.029848063,0.022548920,0.001214448,0.001279366,0.001214448
0.022550480,0.022550480,0.024522392,0.024862325,0.024522392,0.022550480,0.017369441,0.015223385,0.017369441,0.022550480,0.024999317,0.025949224,0.026296914,0.025949224,0.024999317,0.022550480,0.014358538,0.008361621,0.006166597,0.008361621,0.014358538,0.022550480,0.026159923,0.027707053,0.027707053,0.027707053,0.026159923,0.022550480,0.007031443,0.000167442,0.000328272,0.000167442,0.007031443,0.022550480,0.027707053,0.027707053,0.027707053,0.022550480,0.001257473,0.001323604,0.001257473
0.021263409,0.021263409,0.022550480,0.022548920,0.022550480,0.021263409,0.016378079,0.014354509,0.016378079,0.021263409,0.022548291,0.022543932,0.022542337,0.022543932,0.022548291,0.021263409,0.013539024,0.007884381,0.005814638,0.007884381,0.013539024,0.021263409,0.022542966,0.022535866,0.022535866,0.022535866,0.022542966,0.021263409,0.006630123,0.000169061,0.000331447,0.000169061,0.006630123,0.021263409,0.022535866,0.022535866,0.022535866,0.021263409,0.001257630,0.001322013,0.001257630
0.013539024,0.013539024,0.014358538,0.014357545,0.014358538,0.013539024,0.010428393,0.009139928,0.010428393,0.013539024,0.014357145,0.014354370,0.014353354,0.014354370,0.014357145,0.013539024,0.008620685,0.005020212,0.003702347,0.005020212,0.008620685,0.013539024,0.014353754,0.014349234,0.014349234,0.014349234,0.014353754,0.013539024,0.004221590,0.000107646,0.000211042,0.000107646,0.004221590,0.013539024,0.014349234,0.014349234,0.014349234,0.013539024,0.000800769,0.000841764,0.000800769
0.007884381,0.007884381,0.008361621,0.008361043,0.008361621,0.007884381,0.006072921,0.005322590,0.006072921,0.007884381,0.008360810,0.008359194,0.008358602,0.008359194,0.008360810,0.007884381,0.005020212,0.002923495,0.002156043,0.002923495,0.005020212,0.007884381,0.008358835,0.008356203,0.008356203,0.008356203,0.008358835,0.007884381,0.002458421,0.000062687,0.000122899,0.000062687,0.002458421,0.007884381,0.008356203,0.008356203,0.008356203,0.007884381,0.000466324,0.000490197,0.000466324
0.005814638,0.005814638,0.006166597,0.006166171,0.006166597,0.005814638,0.004478708,0.003925348,0.004478708,0.005814638,0.006165999,0.006164807,0.006164370,0.006164807,0.006165999,0.005814638,0.003702347,0.002156043,0.001590056,0.002156043,0.003702347,0.005814638,0.006164542,0.006162601,0.006162601,0.006162601,0.006164542,0.005814638,0.001813057,0.000046231,0.000090637,0.000046231,0.001813057,0.005814638,0.006162601,0.006162601,0.006162601,0.005814638,0.000343908,0.000361514,0.000343908
0.007884381,0.007884381,0.008361621,0.008361043,0.008361621,0.007884381,0.006072921,0.005322590,0.006072921,0.007884381,0.008360810,0.008359194,0.008358602,0.008359194,0.008360810,0.007884381,0.005020212,0.002923495,0.002156043,0.002923495,0.005020212,0.007884381,0.008358835,0.008356203,0.008356203,0.008356203,0.008358835,0.007884381,0.002458421,0.000062687,0.000122899,0.000062687,0.002458421,0.007884381,0.008356203,0.008356203,0.008356203,0.007884381,0.000466324,0.000490197,0.000466324
0.013539024,0.013539024,0.014358538,0.014357545,0.014358538,0.013539024,0.010428393,0.009139928,0.010428393,0.013539024,0.014357145,0.014354370,0.014353354,0.014354370,0.014357145,0.013539024,0.008620685,0.005020212,0.003702347,0.005020212,0.008620685,0.013539024,0.014353754,0.014349234,0.014349234,0.014349234,0.014353754,0.013539024,0.004221590,0.000107646,0.000211042,0.000107646,0.004221590,0.013539024,0.014349234,0.014349234,0.014349234,0.013539024,0.000800769,0.000841764,0.000800769
0.021263409,0.021263409,0.022550480,0.022548920,0.022550480,0.021263409,0.016378079,0.014354509,0.016378079,0.021263409,0.022548291,0.022543932,0.022542337,0.022543932,0.022548291,0.021263409,0.013539024,0.007884381,0.005814638,0.007884381,0.013539024,0.021263409,0.022542966,0.022535866,0.022535866,0.022535866,0.022542966,0.021263409,0.006630123,0.000169061,0.000331447,0.000169061,0.006630123,0.021263409,0.022535866,0.022535866,0.022535866,0.021263409,0.001257630,0.001322013,0.001257630
0.022548291,0.022548291,0.024999317,0.025608974,0.024999317,0.022548291,0.017367756,0.015221907,0.017367756,0.022548291,0.025854662,0.027558282,0.028181850,0.027558282,0.025854662,0.022548291,0.014357145,0.008360810,0.006165999,0.008360810,0.014357145,0.022548291,0.027936162,0.030710876,0.030710876,0.030710876,0.027936162,0.022548291,0.007030761,0.000158066,0.000309889,0.000158066,0.007030761,0.022548291,0.030710876,0.030710876,0.030710876,0.022548291,0.001197110,0.001261538,0.001197110
0.022543932,0.022543932,0.025949224,0.027096099,0.025949224,0.022543932,0.017364398,0.015218965,0.017364398,0.022543932,0.027558282,0.030763097,0.031936141,0.030763097,0.027558282,0.022543932,0.014354370,0.008359194,0.006164807,0.008359194,0.014354370,0.022543932,0.031473958,0.036693693,0.036693693,0.036693693,0.031473958,0.022543932,0.007029402,0.000139390,0.000273276,0.000139390,0.007029402,0.022543932,0.036693693,0.036693693,0.036693693,0.022543932,0.001076883,0.001137919,0.001076883
0.022542337,0.022542337,0.026296914,0.027640425,0.026296914,0.022542337,0.017363169,0.015217888,0.017363169,0.022542337,0.028181850,0.031936141,0.033310307,0.031936141,0.028181850,0.022542337,0.014353354,0.008358602,0.006164370,0.008358602,0.014353354,0.022542337,0.032768882,0.038883556,0.038883556,0.038883556,0.032768882,0.022542337,0.007028904,0.000132555,0.000259875,0.000132555,0.007028904,0.022542337,0.038883556,0.038883556,0.038883556,0.022542337,0.001032877,0.001092672,0.001032877
0.022543932,0.022543932,0.025949224,0.027096099,0.025949224,0.022543932,0.017364398,0.015218965,0.017364398,0.022543932,0.027558282,0.030763097,0.031936141,0.030763097,0.027558282,0.022543932,0.014354370,0.008359194,0.006164807,0.008359194,0.014354370,0.022543932,0.031473958,0.036693693,0.036693693,0.036693693,0.031473958,0.022543932,0.007029402,0.000139390,0.000273276,0.000139390,0.007029402,0.022543932,0.036693693,0.036693693,0.036693693,0.022543932,0.001076883,0.001137919,0.001076883
0.022548291,0.022548291,0.024999317,0.025608974,0.024999317,0.022548291,0.017367756,0.015221907,0.017367756,0.022548291,0.025854662,0.027558282,0.028181850,0.027558282,0.025854662,0.022548291,0.014357145,0.008360810,0.006165999,0.008360810,0.014357145,0.022548291,0.027936162,0.030710876,0.030710876,0.030710876,0.027936162,0.022548291,0.007030761,0.000158066,0.000309889,0.000158066,0.007030761,0.022548291,0.030710876,0.030710876,0.030710876,0.022548291,0.001197110,0.001261538,0.001197110
0.021263409,0.021263409,0.022550480,0.022548920,0.022550480,0.021263409,0.016378079,0.014354509,0.016378079,0.021263409,0.022548291,0.022543932,0.022542337,0.022543932,0.022548291,0.021263409,0.013539024,0.007884381,0.005814638,0.007884381,0.013539024,0.021263409,0.022542966,0.022535866,0.022535866,0.022535866,0.022542966,0.021263409,0.006630123,0.000169061,0.000331447,0.000169061,0.006630123,0.021263409,0.022535866,0.022535866,0.022535866,0.021263409,0.001257630,0.001322013,0.001257630
0.006630123,0.006630123,0.007031443,0.007030957,0.007031443,0.006630123,0.005106833,0.004475866,0.005106833,0.006630123,0.007030761,0.007029402,0.007028904,0.007029402,0.007030761,0.006630123,0.004221590,0.002458421,0.001813057,0.002458421,0.004221590,0.006630123,0.007029100,0.007026887,0.007026887,0.007026887,0.007029100,0.006630123,0.002067332,0.000052715,0.000103348,0.000052715,0.002067332,0.006630123,0.007026887,0.007026887,0.007026887,0.006630123,0.000392141,0.000412216,0.000392141
0.000169061,0.000169061,0.000167442,0.000160759,0.000167442,0.000169061,0.000130219,0.000114130,0.000130219,0.000169061,0.000158066,0.000139390,0.000132555,0.000139390,0.000158066,0.000169061,0.000107646,0.000062687,0.000046231,0.000062687,0.000107646,0.000169061,0.000135248,0.000104831,0.000104831,0.000104831,0.000135248,0.000169061,0.000052715,0.000783705,0.001536461,0.000783705,0.000052715,0.000169061,0.000104831,0.000104831,0.000104831,0.000169061,0.004332595,0.004333149,0.004332595
0.000331447,0.000331447,0.000328272,0.000315169,0.000328272,0.000331447,0.000255296,0.000223753,0.000255296,0.000331447,0.000309889,0.000273276,0.000259875,0.000273276,0.000309889,0.000331447,0.000211042,0.000122899,0.000090637,0.000122899,0.000211042,0.000331447,0.000265155,0.000205523,0.000205523,0.000205523,0.000265155,0.000331447,0.000103348,0.001536461,0.003012246,0.001536461,0.000103348,0.000331447,0.000205523,0.000205523,0.000205523,0.000331447,0.008494094,0.008495179,0.008494094
0.000169061,0.000169061,0.000167442,0.000160759,0.000167442,0.000169061,0.000130219,0.000114130,0.000130219,0.000169061,0.000158066,0.000139390,0.000132555,0.000139390,0.000158066,0.000169061,0.000107646,0.000062687,0.000046231,0.000062687,0.000107646,0.000169061,0.000135248,0.000104831,0.000104831,0.000104831,0.000135248,0.000169061,0.000052715,0.000783705,0.001536461,0.000783705,0.000052715,0.000169061,0.000104831,0.000104831,0.000104831,0.000169061,0.004332595,0.004333149,0.004332595
0.006630123,0.006630123,0.007031443,0.007030957,0.007031443,0.006630123,0.005106833,0.004475866,0.005106833,0.006630123,0.007030761,0.007029402,0.007028904,0.007029402,0.007030761,0.006630123,0.004221590,0.002458421,0.001813057,0.002458421,0.004221590,0.006630123,0.007029100,0.007026887,0.007026887,0.007026887,0.007029100,0.006630123,0.002067332,0.000052715,0.000103348,0.000052715,0.002067332,0.006630123,0.007026887,0.007026887,0.007026887,0.006630123,0.000392141,0.000412216,0.000392141
0.021263409,0.021263409,0.022550480,0.022548920,0.022550480,0.021263409,0.016378079,0.014354509,0.016378079,0.021263409,0.022548291,0.022543932,0.022542337,0.022543932,0.022548291,0.021263409,0.013539024,0.007884381,0.005814638,0.007884381,0.013539024,0.021263409,0.022542966,0.022535866,0.022535866,0.022535866,0.022542966,0.021263409,0.006630123,0.000169061,0.000331447,0.000169061,0.006630123,0.021263409,0.022535866,0.022535866,0.022535866,0.021263409,0.001257630,0.001322013,0.001257630
0.022542966,0.022542966,0.026159923,0.027425959,0.026159923,0.022542966,0.017363653,0.015218312,0.017363653,0.022542966,0.027936162,0.031473958,0.032768882,0.031473958,0.027936162,0.022542966,0.014353754,0.008358835,0.006164542,0.008358835,0.014353754,0.022542966,0.032258678,0.038020743,0.038020743,0.038020743,0.032258678,0.022542966,0.007029100,0.000135248,0.000265155,0.000135248,0.007029100,0.022542966,0.038020743,0.038020743,0.038020743,0.022542966,0.001050216,0.001110499,0.001050216
0.022535866,0.022535866,0.027707053,0.029848063,0.027707053,0.022535866,0.017358185,0.015213519,0.017358185,0.022535866,0.030710876,0.036693693,0.038883556,0.036693693,0.030710876,0.022535866,0.014349234,0.008356203,0.006162601,0.008356203,0.014349234,0.022535866,0.038020743,0.047765053,0.047765053,0.047765053,0.038020743,0.022535866,0.007026887,0.000104831,0.000205523,0.000104831,0.007026887,0.022535866,0.047765053,0.047765053,0.047765053,0.022535866,0.000854400,0.000909160,0.000854400
0.022535866,0.022535866,0.027707053,0.029848063,0.027707053,0.022535866,0.017358185,0.015213519,0.017358185,0.022535866,0.030710876,0.036693693,0.038883556,0.036693693,0.030710876,0.022535866,0.014349234,0.008356203,0.006162601,0.008356203,0.014349234,0.022535866,0.038020743,0.047765053,0.047765053,0.047765053,0.038020743,0.022535866,0.007026887,0.000104831,0.000205523,0.000104831,0.007026887,0.022535866,0.047765053,0.047765053,0.047765053,0.022535866,0.000854400,0.000909160,0.000854400
0.022535866,0.022535866,0.027707053,0.029848063,0.027707053,0.022535866,0.017358185,0.015213519,0.017358185,0.022535866,0.030710876,0.036693693,0.038883556,0.036693693,0.030710876,0.022535866,0.014349234,0.008356203,0.006162601,0.008356203,0.014349234,0.022535866,0.038020743,0.047765053,0.047765053,0.047765053,0.038020743,0.022535866,0.007026887,0.000104831,0.000205523,0.000104831,0.007026887,0.022535866,0.047765053,0.047765053,0.047765053,0.022535866,0.000854400,0.000909160,0.000854400
0.022542966,0.022542966,0.026159923,0.027425959,0.026159923,0.022542966,0.017363653,0.015218312,0.017363653,0.022542966,0.027936162,0.031473958,0.032768882,0.031473958,0.027936162,0.022542966,0.014353754,0.008358835,0.006164542,0.008358835,0.014353754,0.022542966,0.032258678,0.038020743,0.038020743,0.038020743,0.032258678,0.022542966,0.007029100,0.000135248,0.000265155,0.000135248,0.007029100,0.022542966,0.038020743,0.038020743,0.038020743,0.022542966,0.001050216,0.001110499,0.001050216
0.021263409,0.021263409,0.022550480,0.022548920,0.022550480,0.021263409,0.016378079,0.014354509,0.016378079,0.021263409,0.022548291,0.022543932,0.022542337,0.022543932,0.022548291,0.021263409,0.013539024,0.007884381,0.005814638,0.007884381,0.013539024,0.021263409,0.022542966,0.022535866,0.022535866,0.022535866,0.022542966,0.021263409,0.006630123,0.000169061,0.000331447,0.000169061,0.006630123,0.021263409,0.022535866,0.022535866,0.022535866,0.021263409,0.001257630,0.001322013,0.001257630
0.001257630,0.001257630,0.001257473,0.001214448,0.001257473,0.001257630,0.000968686,0.000849002,0.000968686,0.001257630,0.001197110,0.001076883,0.001032877,0.001076883,0.001197110,0.001257630,0.000800769,0.000466324,0.000343908,0.000466324,0.000800769,0.001257630,0.001050216,0.000854400,0.000854400,0.000854400,0.001050216,0.001257630,0.000392141,0.004332595,0.008494094,0.004332595,0.000392141,0.001257630,0.000854400,0.000854400,0.000854400,0.001257630,0.040564677,0.043872945,0.040564677
0.001322013,0.001322013,0.001323604,0.001279366,0.001323604,0.001322013,0.001018277,0.000892465,0.001018277,0.001322013,0.001261538,0.001137919,0.001092672,0.001137919,0.001261538,0.001322013,0.000841764,0.000490197,0.000361514,0.000490197,0.000841764,0.001322013,0.001110499,0.000909160,0.000909160,0.000909160,0.001110499,0.001322013,0.000412216,0.004333149,0.008495179,0.004333149,0.000412216,0.001322013,0.000909160,0.000909160,0.000909160,0.001322013,0.043872945,0.047838812,0.043872945
0.001257630,0.001257630,0.001257473,0.001214448,0.001257473,0.001257630,0.000968686,0.000849002,0.000968686,0.001257630,0.001197110,0.001076883,0.001032877,0.001076883,0.001197110,0.001257630,0.000800769,0.000466324,0.000343908,0.000466324,0.000800769,0.001257630,0.001050216,0.000854400,0.000854400,0.000854400,0.001050216,0.001257630,0.000392141,0.004332595,0.008494094,0.004332595,0.000392141,0.001257630,0.000854400,0.000854400,0.000854400,0.001257630,0.040564677,0.043872945,0.040564677
0.021263409,0.021263409,0.022550480,0.022548920,0.022550480,0.021263409,0.016378079,0.014354509,0.016378079,0.021263409,0.022548291,0.022543932,0.022542337,0.022543932,0.022548291,0.021263409,0.013539024,0.007884381,0.005814638,0.007884381,0.013539024,0.021263409,0.022542966,0.022535866,0.022535866,0.022535866,0.022542966,0.021263409,0.006630123,0.000169061,0.000331447,0.000169061,0.006630123,0.021263409,0.022535866,0.022535866,0.022535866,0.021263409,0.001257630,0.001322013,0.001257630
0.022535866,0.022535866,0.027707053,0.029848063,0.027707053,0.022535866,0.017358185,0.015213519,0.017358185,0.022535866,0.030710876,0.036693693,0.038883556,0.036693693,0.030710876,0.022535866,0.014349234,0.008356203,0.006162601,0.008356203,0.014349234,0.022535866,0.038020743,0.047765053,0.047765053,0.047765053,0.038020743,0.022535866,0.007026887,0.000104831,0.000205523,0.000104831,0.007026887,0.022535866,0.047765053,0.047765053,0.047765053,0.022535866,0.000854400,0.000909160,0.000854400
0.022535866,0.022535866,0.027707053,0.029848063,0.027707053,0.022535866,0.017358185,0.015213519,0.017358185,0.022535866,0.030710876,0.036693693,0.038883556,0.036693693,0.030710876,0.022535866,0.014349234,0.008356203,0.006162601,0.008356203,0.014349234,0.022535866,0.038020743,0.047765053,0.047765053,0.047765053,0.038020743,0.022535866,0.007026887,0.000104831,0.000205523,0.000104831,0.007026887,0.022535866,0.047765053,0.047765053,0.047765053,0.022535866,0.000854400,0.000909160,0.000854400
0.022535866,0.022535866,0.027707053,0.029848063,0.027707053,0.022535866,0.017358185,0.015213519,0.017358185,0.022535866,0.030710876,0.036693693,0.038883556,0.036693693,0.030710876,0.022535866,0.014349234,0.008356203,0.006162601,0.008356203,0.014349234,0.022535866,0.038020743,0.047765053,0.047765053,0.047765053,0.038020743,0.022535866,0.007026887,0.000104831,0.000205523,0.000104831,0.007026887,0.022535866,0.047765053,0.047765053,0.047765053,0.022535866,0.000854400,0.000909160,0.000854400
