4.647297767,0.001853936,0.001116174,0.000810583,0.001116174,0.001853936,0.002591699,0.002889907,0.002591699,0.001853936,0.000687432,0.001854024,0.005334322,0.001854024,0.000687432,0.001853936,0.002945147,0.003273992,0.003351342,0.003273992,0.002945147,0.001853936,0.003963074,0.021975953,0.028569124,0.021975953,0.003963074,0.001853936,0.003320866,0.003582797,0.003635671,0.003582797,0.003320866,0.001853936,0.032177030,0.032175851,0.032177030,0.001853936,0.003770951,0.003810116,0.003770951
0.001853936,5.008893621,0.001116174,0.000810583,0.001116174,0.001853936,0.002591699,0.002889907,0.002591699,0.001853936,0.000687432,0.001854024,0.005334322,0.001854024,0.000687432,0.001853936,0.002945147,0.003273992,0.003351342,0.003273992,0.002945147,0.001853936,0.003963074,0.021975953,0.028569124,0.021975953,0.003963074,0.001853936,0.003320866,0.003582797,0.003635671,0.003582797,0.003320866,0.001853936,0.032177030,0.032175851,0.032177030,0.001853936,0.003770951,0.003810116,0.003770951
0.001116174,0.001116174,8.594247786,0.000488016,0.000672000,0.001116174,0.001560348,0.001739886,0.001560348,0.001116174,0.000413873,0.001116227,0.003211562,0.001116227,0.000413873,0.001116174,0.001773144,0.001971127,0.002017696,0.001971127,0.001773144,0.001116174,0.002385993,0.013230760,0.017200220,0.013230760,0.002385993,0.001116174,0.001999348,0.002157046,0.002188879,0.002157046,0.001999348,0.001116174,0.019372382,0.019371673,0.019372382,0.001116174,0.002270325,0.002293904,0.002270325
0.000810583,0.000810583,0.000488016,10.079522087,0.000488016,0.000810583,0.001133149,0.001263532,0.001133149,0.000810583,0.000300561,0.000810621,0.002332286,0.000810621,0.000300561,0.000810583,0.001287685,0.001431463,0.001465282,0.001431463,0.001287685,0.000810583,0.001732745,0.009608383,0.012491066,0.009608383,0.001732745,0.000810583,0.001451958,0.001566480,0.001589598,0.001566480,0.001451958,0.000810583,0.014068524,0.014068008,0.014068524,0.000810583,0.001648745,0.001665869,0.001648745
0.001116174,0.001116174,0.000672000,0.000488016,8.594247786,0.001116174,0.001560348,0.001739886,0.001560348,0.001116174,0.000413873,0.001116227,0.003211562,0.001116227,0.000413873,0.001116174,0.001773144,0.001971127,0.002017696,0.001971127,0.001773144,0.001116174,0.002385993,0.013230760,0.017200220,0.013230760,0.002385993,0.001116174,0.001999348,0.002157046,0.002188879,0.002157046,0.001999348,0.001116174,0.019372382,0.019371673,0.019372382,0.001116174,0.002270325,0.002293904,0.002270325
0.001853936,0.001853936,0.001116174,0.000810583,0.001116174,5.008893621,0.002591699,0.002889907,0.002591699,0.001853936,0.000687432,0.001854024,0.005334322,0.001854024,0.000687432,0.001853936,0.002945147,0.003273992,0.003351342,0.003273992,0.002945147,0.001853936,0.003963074,0.021975953,0.028569124,0.021975953,0.003963074,0.001853936,0.003320866,0.003582797,0.003635671,0.003582797,0.003320866,0.001853936,0.032177030,0.032175851,0.032177030,0.001853936,0.003770951,0.003810116,0.003770951
0.002591699,0.002591699,0.001560348,0.001133149,0.001560348,0.002591699,1.424126632,0.004039927,0.003623049,0.002591699,0.000960991,0.002591821,0.007457082,0.002591821,0.000960991,0.002591699,0.004117149,0.004576857,0.004684987,0.004576857,0.004117149,0.002591699,0.005540154,0.030721145,0.039938028,0.030721145,0.005540154,0.002591699,0.004642384,0.005008549,0.005082464,0.005008549,0.004642384,0.002591699,0.044981677,0.044980029,0.044981677,0.002591699,0.005271578,0.005326327,0.005271578
0.002879601,0.002879601,0.001733682,0.001259026,0.001733682,0.002879601,0.004039927,0.004504762,0.004039927,0.002879601,0.001067744,0.002884011,0.008297758,0.002884011,0.001067744,0.002879601,0.004590779,0.005102693,0.005222965,0.005102693,0.004590779,0.002879601,0.006164725,0.034184501,0.044440450,0.034184501,0.006164725,0.002879601,0.005175578,0.005582378,0.005664267,0.005582378,0.005175578,0.002879601,0.049676160,0.049361994,0.049676160,0.002879601,0.005872382,0.005931976,0.005872382
0.002591699,0.002591699,0.001560348,0.001133149,0.001560348,0.002591699,0.003623049,0.004039927,1.424126632,0.002591699,0.000960991,0.002591821,0.007457082,0.002591821,0.000960991,0.002591699,0.004117149,0.004576857,0.004684987,0.004576857,0.004117149,0.002591699,0.005540154,0.030721145,0.039938028,0.030721145,0.005540154,0.002591699,0.004642384,0.005008549,0.005082464,0.005008549,0.004642384,0.002591699,0.044981677,0.044980029,0.044981677,0.002591699,0.005271578,0.005326327,0.005271578
0.001853936,0.001853936,0.001116174,0.000810583,0.001116174,0.001853936,0.002591699,0.002889907,0.002591699,4.643634999,0.000687432,0.001854024,0.005334322,0.001854024,0.000687432,0.001853936,0.002945147,0.003273992,0.003351342,0.003273992,0.002945147,0.001853936,0.003963074,0.021975953,0.028569124,0.021975953,0.003963074,0.001853936,0.003320866,0.003582797,0.003635671,0.003582797,0.003320866,0.001853936,0.032177030,0.032175851,0.032177030,0.001853936,0.003770951,0.003810116,0.003770951
0.000687432,0.000687432,0.000413873,0.000300561,0.000413873,0.000687432,0.000960991,0.001071565,0.000960991,0.000687432,9.899167332,0.000687464,0.001977944,0.000687464,0.000254897,0.000687432,0.001092048,0.001213982,0.001242663,0.001213982,0.001092048,0.000687432,0.001469491,0.008148589,0.010593309,0.008148589,0.001469491,0.000687432,0.001231363,0.001328486,0.001348091,0.001328486,0.001231363,0.000687432,0.011931105,0.011930667,0.011931105,0.000687432,0.001398253,0.001412775,0.001398253
0.001854024,0.001854024,0.001116227,0.000810621,0.001116227,0.001854024,0.002591821,0.002884086,0.002591821,0.001854024,0.000687464,12.246589204,0.000043027,0.000014955,0.000687464,0.001854024,0.002884532,0.002887133,0.002887696,0.002887133,0.002884532,0.001854024,0.000031967,0.000177261,0.000230442,0.000177261,0.000031967,0.001854024,0.002887474,0.002889226,0.002889507,0.002889226,0.002887474,0.001854024,0.000334487,0.000338921,0.000334487,0.001854024,0.002889841,0.002889757,0.002889841
0.005334322,0.005334322,0.003211562,0.002332286,0.003211562,0.005334322,0.007457082,0.008297974,0.007457082,0.005334322,0.001977944,0.000043027,10.838053940,0.000043027,0.001977944,0.005334322,0.008299257,0.008306742,0.008308361,0.008306742,0.008299257,0.005334322,0.000091973,0.000510008,0.000663020,0.000510008,0.000091973,0.005334322,0.008307723,0.008312764,0.008313573,0.008312764,0.008307723,0.005334322,0.000962372,0.000975129,0.000962372,0.005334322,0.008314532,0.008314290,0.008314532
0.001854024,0.001854024,0.001116227,0.000810621,0.001116227,0.001854024,0.002591821,0.002884086,0.002591821,0.001854024,0.000687464,0.000014955,0.000043027,12.246589204,0.000687464,0.001854024,0.002884532,0.002887133,0.002887696,0.002887133,0.002884532,0.001854024,0.000031967,0.000177261,0.000230442,0.000177261,0.000031967,0.001854024,0.002887474,0.002889226,0.002889507,0.002889226,0.002887474,0.001854024,0.000334487,0.000338921,0.000334487,0.001854024,0.002889841,0.002889757,0.002889841
0.000687432,0.000687432,0.000413873,0.000300561,0.000413873,0.000687432,0.000960991,0.001071565,0.000960991,0.000687432,0.000254897,0.000687464,0.001977944,0.000687464,9.899167332,0.000687432,0.001092048,0.001213982,0.001242663,0.001213982,0.001092048,0.000687432,0.001469491,0.008148589,0.010593309,0.008148589,0.001469491,0.000687432,0.001231363,0.001328486,0.001348091,0.001328486,0.001231363,0.000687432,0.011931105,0.011930667,0.011931105,0.000687432,0.001398253,0.001412775,0.001398253
0.001853936,0.001853936,0.001116174,0.000810583,0.001116174,0.001853936,0.002591699,0.002889907,0.002591699,0.001853936,0.000687432,0.001854024,0.005334322,0.001854024,0.000687432,4.643634999,0.002945147,0.003273992,0.003351342,0.003273992,0.002945147,0.001853936,0.003963074,0.021975953,0.028569124,0.021975953,0.003963074,0.001853936,0.003320866,0.003582797,0.003635671,0.003582797,0.003320866,0.001853936,0.032177030,0.032175851,0.032177030,0.001853936,0.003770951,0.003810116,0.003770951
0.002840049,0.002840049,0.001709869,0.001241733,0.001709869,0.002840049,0.004117149,0.004590779,0.004117149,0.002840049,0.001053078,0.002883766,0.008297055,0.002883766,0.001053078,0.002840049,0.004677610,0.005192986,0.005312799,0.005192986,0.004677610,0.002840049,0.006164203,0.034181606,0.044436687,0.034181606,0.006164203,0.002840049,0.005265593,0.005666424,0.005745012,0.005666424,0.005265593,0.002840049,0.046208526,0.043021533,0.046208526,0.002840049,0.005931778,0.005979151,0.005931778
0.002579376,0.002579376,0.001552929,0.001127761,0.001552929,0.002579376,0.004576857,0.005102693,0.004576857,0.002579376,0.000956422,0.002882044,0.008292099,0.002882044,0.000956422,0.002579376,0.005192986,0.005718839,0.005831744,0.005718839,0.005192986,0.002579376,0.006160520,0.034161186,0.044410141,0.034161186,0.006160520,0.002579376,0.005787259,0.006133162,0.006185690,0.006133162,0.005787259,0.002579376,0.023176978,0.010127466,0.023176978,0.002579376,0.006217791,0.006179196,0.006217791
0.002494746,0.002494746,0.001501977,0.001090759,0.001501977,0.002494746,0.004684987,0.005222965,0.004684987,0.002494746,0.000925041,0.002881390,0.008290218,0.002881390,0.000925041,0.002494746,0.005312799,0.005831744,0.005939162,0.005831744,0.005312799,0.002494746,0.006159123,0.034153438,0.044400068,0.034153438,0.006159123,0.002494746,0.005896839,0.006211889,0.006252360,0.006211889,0.005896839,0.002494746,0.015551160,0.006875115,0.015551160,0.002494746,0.006222589,0.006151556,0.006222589
0.002579376,0.002579376,0.001552929,0.001127761,0.001552929,0.002579376,0.004576857,0.005102693,0.004576857,0.002579376,0.000956422,0.002882044,0.008292099,0.002882044,0.000956422,0.002579376,0.005192986,0.005718839,0.005831744,0.005718839,0.005192986,0.002579376,0.006160520,0.034161186,0.044410141,0.034161186,0.006160520,0.002579376,0.005787259,0.006133162,0.006185690,0.006133162,0.005787259,0.002579376,0.023176978,0.010127466,0.023176978,0.002579376,0.006217791,0.006179196,0.006217791
0.002840049,0.002840049,0.001709869,0.001241733,0.001709869,0.002840049,0.004117149,0.004590779,0.004117149,0.002840049,0.001053078,0.002883766,0.008297055,0.002883766,0.001053078,0.002840049,0.004677610,0.005192986,0.005312799,0.005192986,0.004677610,0.002840049,0.006164203,0.034181606,0.044436687,0.034181606,0.006164203,0.002840049,0.005265593,0.005666424,0.005745012,0.005666424,0.005265593,0.002840049,0.046208526,0.043021533,0.046208526,0.002840049,0.005931778,0.005979151,0.005931778
0.001853936,0.001853936,0.001116174,0.000810583,0.001116174,0.001853936,0.002591699,0.002889907,0.002591699,0.001853936,0.000687432,0.001854024,0.005334322,0.001854024,0.000687432,0.001853936,0.002945147,0.003273992,0.003351342,0.003273992,0.002945147,4.643634999,0.003963074,0.021975953,0.028569124,0.021975953,0.003963074,0.001853936,0.003320866,0.003582797,0.003635671,0.003582797,0.003320866,0.001853936,0.032177030,0.032175851,0.032177030,0.001853936,0.003770951,0.003810116,0.003770951
0.003963074,0.003963074,0.002385993,0.001732745,0.002385993,0.003963074,0.005540154,0.006164885,0.005540154,0.003963074,0.001469491,0.000031967,0.000091973,0.000031967,0.001469491,0.003963074,0.006165839,0.006171400,0.006172602,0.006171400,0.006165839,0.003963074,11.393008600,0.000378905,0.000492583,0.000378905,0.000068330,0.003963074,0.006172128,0.006175873,0.006176474,0.006175873,0.006172128,0.003963074,0.000714983,0.000724461,0.000714983,0.003963074,0.006177187,0.006177007,0.006177187
0.021975953,0.021975953,0.013230760,0.009608383,0.013230760,0.021975953,0.030721145,0.034185390,0.030721145,0.021975953,0.008148589,0.000177261,0.000510008,0.000177261,0.008148589,0.021975953,0.034190677,0.034221514,0.034228182,0.034221514,0.034190677,0.021975953,0.000378905,4.104362443,0.002731460,0.002101095,0.000378905,0.021975953,0.034225555,0.034246321,0.034249653,0.034246321,0.034225555,0.021975953,0.003964709,0.004017265,0.003964709,0.021975953,0.034253605,0.034252609,0.034253605
0.028569124,0.028569124,0.017200220,0.012491066,0.017200220,0.028569124,0.039938028,0.044441607,0.039938028,0.028569124,0.010593309,0.000230442,0.000663020,0.000230442,0.010593309,0.028569124,0.044448479,0.044488569,0.044497237,0.044488569,0.044448479,0.028569124,0.000492583,0.002731460,1.437238597,0.002731460,0.000492583,0.028569124,0.044493822,0.044520819,0.044525149,0.044520819,0.044493822,0.028569124,0.005154191,0.005222515,0.005154191,0.028569124,0.044530287,0.044528993,0.044530287
0.021975953,0.021975953,0.013230760,0.009608383,0.013230760,0.021975953,0.030721145,0.034185390,0.030721145,0.021975953,0.008148589,0.000177261,0.000510008,0.000177261,0.008148589,0.021975953,0.034190677,0.034221514,0.034228182,0.034221514,0.034190677,0.021975953,0.000378905,0.002101095,0.002731460,4.104362443,0.000378905,0.021975953,0.034225555,0.034246321,0.034249653,0.034246321,0.034225555,0.021975953,0.003964709,0.004017265,0.003964709,0.021975953,0.034253605,0.034252609,0.034253605
0.003963074,0.003963074,0.002385993,0.001732745,0.002385993,0.003963074,0.005540154,0.006164885,0.005540154,0.003963074,0.001469491,0.000031967,0.000091973,0.000031967,0.001469491,0.003963074,0.006165839,0.006171400,0.006172602,0.006171400,0.006165839,0.003963074,0.000068330,0.000378905,0.000492583,0.000378905,11.393008600,0.003963074,0.006172128,0.006175873,0.006176474,0.006175873,0.006172128,0.003963074,0.000714983,0.000724461,0.000714983,0.003963074,0.006177187,0.006177007,0.006177187
0.001853936,0.001853936,0.001116174,0.000810583,0.001116174,0.001853936,0.002591699,0.002889907,0.002591699,0.001853936,0.000687432,0.001854024,0.005334322,0.001854024,0.000687432,0.001853936,0.002945147,0.003273992,0.003351342,0.003273992,0.002945147,0.001853936,0.003963074,0.021975953,0.028569124,0.021975953,0.003963074,4.643634999,0.003320866,0.003582797,0.003635671,0.003582797,0.003320866,0.001853936,0.032177030,0.032175851,0.032177030,0.001853936,0.003770951,0.003810116,0.003770951
0.002528090,0.002528090,0.001522053,0.001105338,0.001522053,0.002528090,0.004642384,0.005175578,0.004642384,0.002528090,0.000937405,0.002881648,0.008290959,0.002881648,0.000937405,0.002528090,0.005265593,0.005787259,0.005896839,0.005787259,0.005265593,0.002528090,0.006159674,0.034156490,0.044404037,0.034156490,0.006159674,0.002528090,0.005853664,0.006180871,0.006226092,0.006180871,0.005853664,0.002528090,0.018555756,0.008156552,0.018555756,0.002528090,0.006220698,0.006162446,0.006220698
0.002190736,0.002190736,0.001318946,0.000957839,0.001318946,0.002190736,0.005008549,0.005582378,0.005008549,0.002190736,0.000812315,0.002878923,0.008283119,0.002878923,0.000812315,0.002190736,0.005666424,0.006133162,0.006211889,0.006133162,0.005666424,0.002190736,0.006153849,0.034124193,0.044362049,0.034124193,0.006153849,0.002190736,0.006180871,0.006351566,0.006340486,0.006351566,0.006180871,0.002190736,0.000409570,0.000402400,0.000409570,0.002190736,0.006074759,0.005886702,0.006074759
0.002098528,0.002098528,0.001263432,0.000917524,0.001263432,0.002098528,0.005082464,0.005664267,0.005082464,0.002098528,0.000778125,0.002878130,0.008280838,0.002878130,0.000778125,0.002098528,0.005745012,0.006185690,0.006252360,0.006185690,0.005745012,0.002098528,0.006152154,0.034114796,0.044349833,0.034114796,0.006152154,0.002098528,0.006226092,0.006340486,0.006310692,0.006340486,0.006226092,0.002098528,0.000392044,0.000384810,0.000392044,0.002098528,0.005968287,0.005744549,0.005968287
0.002190736,0.002190736,0.001318946,0.000957839,0.001318946,0.002190736,0.005008549,0.005582378,0.005008549,0.002190736,0.000812315,0.002878923,0.008283119,0.002878923,0.000812315,0.002190736,0.005666424,0.006133162,0.006211889,0.006133162,0.005666424,0.002190736,0.006153849,0.034124193,0.044362049,0.034124193,0.006153849,0.002190736,0.006180871,0.006351566,0.006340486,0.006351566,0.006180871,0.002190736,0.000409570,0.000402400,0.000409570,0.002190736,0.006074759,0.005886702,0.006074759
0.002528090,0.002528090,0.001522053,0.001105338,0.001522053,0.002528090,0.004642384,0.005175578,0.004642384,0.002528090,0.000937405,0.002881648,0.008290959,0.002881648,0.000937405,0.002528090,0.005265593,0.005787259,0.005896839,0.005787259,0.005265593,0.002528090,0.006159674,0.034156490,0.044404037,0.034156490,0.006159674,0.002528090,0.005853664,0.006180871,0.006226092,0.006180871,0.005853664,0.002528090,0.018555756,0.008156552,0.018555756,0.002528090,0.006220698,0.006162446,0.006220698
0.001853936,0.001853936,0.001116174,0.000810583,0.001116174,0.001853936,0.002591699,0.002889907,0.002591699,0.001853936,0.000687432,0.001854024,0.005334322,0.001854024,0.000687432,0.001853936,0.002945147,0.003273992,0.003351342,0.003273992,0.002945147,0.001853936,0.003963074,0.021975953,0.028569124,0.021975953,0.003963074,0.001853936,0.003320866,0.003582797,0.003635671,0.003582797,0.003320866,4.414392899,0.032177030,0.032175851,0.032177030,0.001853936,0.003770951,0.003810116,0.003770951
0.032177030,0.032177030,0.019372382,0.014068524,0.019372382,0.032177030,0.044775539,0.049448080,0.044775539,0.032177030,0.011931105,0.000334487,0.000962372,0.000334487,0.011931105,0.032177030,0.045992401,0.023035801,0.015431108,0.023035801,0.045992401,0.032177030,0.000714983,0.003964709,0.005154191,0.003964709,0.000714983,0.032177030,0.018427381,0.000358762,0.000359757,0.000358762,0.018427381,0.032177030,0.006098051,0.005738646,0.006098051,0.032177030,0.000353701,0.000347920,0.000353701
0.032175851,0.032175851,0.019371673,0.014068008,0.019371673,0.032175851,0.044747765,0.049104847,0.044747765,0.032175851,0.011930667,0.000338921,0.000975129,0.000338921,0.011930667,0.032175851,0.042776381,0.009957364,0.006726031,0.009957364,0.042776381,0.032175851,0.000724461,0.004017265,0.005222515,0.004017265,0.000724461,0.032175851,0.007999186,0.000322113,0.000322886,0.000322113,0.007999186,0.032175851,0.005738646,0.005316890,0.005738646,0.032175851,0.000316974,0.000311569,0.000316974
0.032177030,0.032177030,0.019372382,0.014068524,0.019372382,0.032177030,0.044775539,0.049448080,0.044775539,0.032177030,0.011931105,0.000334487,0.000962372,0.000334487,0.011931105,0.032177030,0.045992401,0.023035801,0.015431108,0.023035801,0.045992401,0.032177030,0.000714983,0.003964709,0.005154191,0.003964709,0.000714983,0.032177030,0.018427381,0.000358762,0.000359757,0.000358762,0.018427381,0.032177030,0.006098051,0.005738646,0.006098051,0.032177030,0.000353701,0.000347920,0.000353701
0.001853936,0.001853936,0.001116174,0.000810583,0.001116174,0.001853936,0.002591699,0.002889907,0.002591699,0.001853936,0.000687432,0.001854024,0.005334322,0.001854024,0.000687432,0.001853936,0.002945147,0.003273992,0.003351342,0.003273992,0.002945147,0.001853936,0.003963074,0.021975953,0.028569124,0.021975953,0.003963074,0.001853936,0.003320866,0.003582797,0.003635671,0.003582797,0.003320866,0.001853936,0.032177030,0.032175851,0.032177030,4.414392899,0.003770951,0.003810116,0.003770951
0.001746549,0.001746549,0.001051521,0.000763631,0.001051521,0.001746549,0.005271578,0.005872382,0.005271578,0.001746549,0.000647613,0.002875008,0.008271857,0.002875008,0.000647613,0.001746549,0.005931778,0.006217791,0.006222589,0.006217791,0.005931778,0.001746549,0.006145482,0.034077794,0.044301730,0.034077794,0.006145482,0.001746549,0.006220698,0.006074759,0.005968287,0.006074759,0.006220698,0.001746549,0.000325411,0.000318573,0.000325411,0.001746549,0.005361852,0.005029912,0.005361852
0.001590314,0.001590314,0.000957458,0.000695321,0.000957458,0.001590314,0.005326327,0.005931976,0.005326327,0.001590314,0.000589681,0.002873593,0.008267784,0.002873593,0.000589681,0.001590314,0.005979151,0.006179196,0.006151556,0.006179196,0.005979151,0.001590314,0.006142456,0.034061015,0.044279917,0.034061015,0.006142456,0.001590314,0.006162446,0.005886702,0.005744549,0.005886702,0.006162446,0.001590314,0.000295918,0.000289457,0.000295918,0.001590314,0.005029912,0.004658731,0.005029912
0.001746549,0.001746549,0.001051521,0.000763631,0.001051521,0.001746549,0.005271578,0.005872382,0.005271578,0.001746549,0.000647613,0.002875008,0.008271857,0.002875008,0.000647613,0.001746549,0.005931778,0.006217791,0.006222589,0.006217791,0.005931778,0.001746549,0.006145482,0.034077794,0.044301730,0.034077794,0.006145482,0.001746549,0.006220698,0.006074759,0.005968287,0.006074759,0.006220698,0.001746549,0.000325411,0.000318573,0.000325411,0.001746549,0.005361852,0.005029912,0.005361852
