0.021264668,0.021264668,0.022559040,0.022561546,0.022559040,0.021264668,0.016379049,0.014355359,0.016379049,0.021264668,0.022562185,0.022566558,0.022568159,0.022566558,0.022562185,0.021264668,0.013539825,0.007884848,0.005814982,0.007884848,0.013539825,0.021264668,0.022567528,0.022571492,0.022572647,0.022571492,0.022567528,0.021264668,0.006630516,0.000169081,0.000331486,0.000169081,0.006630516,0.021264668,0.022575172,0.022575929,0.022575172,0.021264668,0.001273011,0.001414795,0.001273011
0.021264668,0.021264668,0.022559040,0.022561546,0.022559040,0.021264668,0.016379049,0.014355359,0.016379049,0.021264668,0.022562185,0.022566558,0.022568159,0.022566558,0.022562185,0.021264668,0.013539825,0.007884848,0.005814982,0.007884848,0.013539825,0.021264668,0.022567528,0.022571492,0.022572647,0.022571492,0.022567528,0.021264668,0.006630516,0.000169081,0.000331486,0.000169081,0.006630516,0.021264668,0.022575172,0.022575929,0.022575172,0.021264668,0.001273011,0.001414795,0.001273011
0.016379049,0.016379049,0.017376034,0.017377965,0.017376034,0.016379049,0.012615914,0.011057173,0.012615914,0.016379049,0.017378457,0.017381825,0.017383058,0.017381825,0.017378457,0.016379049,0.010429011,0.006073281,0.004478973,0.006073281,0.010429011,0.016379049,0.017382573,0.017385626,0.017386515,0.017385626,0.017382573,0.016379049,0.005107135,0.000130234,0.000255326,0.000130234,0.005107135,0.016379049,0.017388460,0.017389043,0.017388460,0.016379049,0.000980533,0.001089742,0.000980533
0.014355359,0.014355359,0.015229163,0.015230855,0.015229163,0.014355359,0.011057173,0.009691020,0.011057173,0.014355359,0.015231287,0.015234239,0.015235319,0.015234239,0.015231287,0.014355359,0.009140469,0.005322906,0.003925580,0.005322906,0.009140469,0.014355359,0.015234894,0.015237570,0.015238349,0.015237570,0.015234894,0.014355359,0.004476131,0.000114144,0.000223779,0.000114144,0.004476131,0.014355359,0.015240054,0.015240565,0.015240054,0.014355359,0.000859385,0.000955100,0.000859385
0.016379049,0.016379049,0.017376034,0.017377965,0.017376034,0.016379049,0.012615914,0.011057173,0.012615914,0.016379049,0.017378457,0.017381825,0.017383058,0.017381825,0.017378457,0.016379049,0.010429011,0.006073281,0.004478973,0.006073281,0.010429011,0.016379049,0.017382573,0.017385626,0.017386515,0.017385626,0.017382573,0.016379049,0.005107135,0.000130234,0.000255326,0.000130234,0.005107135,0.016379049,0.017388460,0.017389043,0.017388460,0.016379049,0.000980533,0.001089742,0.000980533
0.021264668,0.021264668,0.022559040,0.022561546,0.022559040,0.021264668,0.016379049,0.014355359,0.016379049,0.021264668,0.022562185,0.022566558,0.022568159,0.022566558,0.022562185,0.021264668,0.013539825,0.007884848,0.005814982,0.007884848,0.013539825,0.021264668,0.022567528,0.022571492,0.022572647,0.022571492,0.022567528,0.021264668,0.006630516,0.000169081,0.000331486,0.000169081,0.006630516,0.021264668,0.022575172,0.022575929,0.022575172,0.021264668,0.001273011,0.001414795,0.001273011
0.022559040,0.022559040,0.026359656,0.027728507,0.026359656,0.022559040,0.017369973,0.015223851,0.017369973,0.022559040,0.027742251,0.027747363,0.027749234,0.027747363,0.027742251,0.022559040,0.014358979,0.008361877,0.006166786,0.008361877,0.014358979,0.022559040,0.027748497,0.027753164,0.027754529,0.027753164,0.027748497,0.022559040,0.007031659,0.000162010,0.000317622,0.000162010,0.007031659,0.022559040,0.027757573,0.027758524,0.027757573,0.022559040,0.001261667,0.001450713,0.001261667
0.022561546,0.022561546,0.027728507,0.029866263,0.027728507,0.022561546,0.017368493,0.015222553,0.017368493,0.022561546,0.029887361,0.029892739,0.029894708,0.029892739,0.029887361,0.022561546,0.014357754,0.008361165,0.006166260,0.008361165,0.014357754,0.022561546,0.029893932,0.029898860,0.029900303,0.029898860,0.029893932,0.022561546,0.007031059,0.000152258,0.000298503,0.000152258,0.007031059,0.022561546,0.029903553,0.029904587,0.029903553,0.022561546,0.001211822,0.001422627,0.001211822
0.022559040,0.022559040,0.026359656,0.027728507,0.026359656,0.022559040,0.017369973,0.015223851,0.017369973,0.022559040,0.027742251,0.027747363,0.027749234,0.027747363,0.027742251,0.022559040,0.014358979,0.008361877,0.006166786,0.008361877,0.014358979,0.022559040,0.027748497,0.027753164,0.027754529,0.027753164,0.027748497,0.022559040,0.007031659,0.000162010,0.000317622,0.000162010,0.007031659,0.022559040,0.027757573,0.027758524,0.027757573,0.022559040,0.001261667,0.001450713,0.001261667
0.021264668,0.021264668,0.022559040,0.022561546,0.022559040,0.021264668,0.016379049,0.014355359,0.016379049,0.021264668,0.022562185,0.022566558,0.022568159,0.022566558,0.022562185,0.021264668,0.013539825,0.007884848,0.005814982,0.007884848,0.013539825,0.021264668,0.022567528,0.022571492,0.022572647,0.022571492,0.022567528,0.021264668,0.006630516,0.000169081,0.000331486,0.000169081,0.006630516,0.021264668,0.022575172,0.022575929,0.022575172,0.021264668,0.001273011,0.001414795,0.001273011
0.013539825,0.013539825,0.014363989,0.014365585,0.014363989,0.013539825,0.010429011,0.009140469,0.010429011,0.013539825,0.014365992,0.014368776,0.014369795,0.014368776,0.014365992,0.013539825,0.008621196,0.005020509,0.003702566,0.005020509,0.008621196,0.013539825,0.014369394,0.014371918,0.014372653,0.014371918,0.014369394,0.013539825,0.004221840,0.000107659,0.000211066,0.000107659,0.004221840,0.013539825,0.014374261,0.014374743,0.014374261,0.013539825,0.000810563,0.000900841,0.000810563
0.007884848,0.007884848,0.008364795,0.008365724,0.008364795,0.007884848,0.006073281,0.005322906,0.006073281,0.007884848,0.008365962,0.008367583,0.008368176,0.008367583,0.008365962,0.007884848,0.005020509,0.002923668,0.002156171,0.002923668,0.005020509,0.007884848,0.008367943,0.008369413,0.008369841,0.008369413,0.008367943,0.007884848,0.002458567,0.000062695,0.000122913,0.000062695,0.002458567,0.007884848,0.008370777,0.008371058,0.008370777,0.007884848,0.000472027,0.000524600,0.000472027
0.005814982,0.005814982,0.006168938,0.006169623,0.006168938,0.005814982,0.004478973,0.003925580,0.004478973,0.005814982,0.006169798,0.006170994,0.006171432,0.006170994,0.006169798,0.005814982,0.003702566,0.002156171,0.001590150,0.002156171,0.003702566,0.005814982,0.006171259,0.006172343,0.006172659,0.006172343,0.006171259,0.005814982,0.001813164,0.000046237,0.000090647,0.000046237,0.001813164,0.005814982,0.006173350,0.006173556,0.006173350,0.005814982,0.000348114,0.000386886,0.000348114
0.007884848,0.007884848,0.008364795,0.008365724,0.008364795,0.007884848,0.006073281,0.005322906,0.006073281,0.007884848,0.008365962,0.008367583,0.008368176,0.008367583,0.008365962,0.007884848,0.005020509,0.002923668,0.002156171,0.002923668,0.005020509,0.007884848,0.008367943,0.008369413,0.008369841,0.008369413,0.008367943,0.007884848,0.002458567,0.000062695,0.000122913,0.000062695,0.002458567,0.007884848,0.008370777,0.008371058,0.008370777,0.007884848,0.000472027,0.000524600,0.000472027
0.013539825,0.013539825,0.014363989,0.014365585,0.014363989,0.013539825,0.010429011,0.009140469,0.010429011,0.013539825,0.014365992,0.014368776,0.014369795,0.014368776,0.014365992,0.013539825,0.008621196,0.005020509,0.003702566,0.005020509,0.008621196,0.013539825,0.014369394,0.014371918,0.014372653,0.014371918,0.014369394,0.013539825,0.004221840,0.000107659,0.000211066,0.000107659,0.004221840,0.013539825,0.014374261,0.014374743,0.014374261,0.013539825,0.000810563,0.000900841,0.000810563
0.021264668,0.021264668,0.022559040,0.022561546,0.022559040,0.021264668,0.016379049,0.014355359,0.016379049,0.021264668,0.022562185,0.022566558,0.022568159,0.022566558,0.022562185,0.021264668,0.013539825,0.007884848,0.005814982,0.007884848,0.013539825,0.021264668,0.022567528,0.022571492,0.022572647,0.022571492,0.022567528,0.021264668,0.006630516,0.000169081,0.000331486,0.000169081,0.006630516,0.021264668,0.022575172,0.022575929,0.022575172,0.021264668,0.001273011,0.001414795,0.001273011
0.022562185,0.022562185,0.027742251,0.029887361,0.027742251,0.022562185,0.017367967,0.015222093,0.017367967,0.022562185,0.029979953,0.030492570,0.030680201,0.030492570,0.029979953,0.022562185,0.014357320,0.008360912,0.006166074,0.008360912,0.014357320,0.022562185,0.030606274,0.030763042,0.030764510,0.030763042,0.030606274,0.022562185,0.007030847,0.000149478,0.000293052,0.000149478,0.007030847,0.022562185,0.030767837,0.030768908,0.030767837,0.022562185,0.001192091,0.001403609,0.001192091
0.022566558,0.022566558,0.027747363,0.029892739,0.027747363,0.022566558,0.017364337,0.015218912,0.017364337,0.022566558,0.030492570,0.034607459,0.036113612,0.034607459,0.030492570,0.022566558,0.014354319,0.008359164,0.006164785,0.008359164,0.014354319,0.022566558,0.035520183,0.036755267,0.036756906,0.036755267,0.035520183,0.022566558,0.007029377,0.000130393,0.000255637,0.000130393,0.007029377,0.022566558,0.036760765,0.036762096,0.036760765,0.022566558,0.001055340,0.001270445,0.001055340
0.022568159,0.022568159,0.027749234,0.029894708,0.027749234,0.022568159,0.017363009,0.015217747,0.017363009,0.022568159,0.030680201,0.036113612,0.038102379,0.036113612,0.030680201,0.022568159,0.014353221,0.008358525,0.006164314,0.008358525,0.014353221,0.022568159,0.037318799,0.038948573,0.038950276,0.038948573,0.037318799,0.022568159,0.007028839,0.000123408,0.000241942,0.000123408,0.007028839,0.022568159,0.038954329,0.038955754,0.038954329,0.022568159,0.001005285,0.001221704,0.001005285
0.022566558,0.022566558,0.027747363,0.029892739,0.027747363,0.022566558,0.017364337,0.015218912,0.017364337,0.022566558,0.030492570,0.034607459,0.036113612,0.034607459,0.030492570,0.022566558,0.014354319,0.008359164,0.006164785,0.008359164,0.014354319,0.022566558,0.035520183,0.036755267,0.036756906,0.036755267,0.035520183,0.022566558,0.007029377,0.000130393,0.000255637,0.000130393,0.007029377,0.022566558,0.036760765,0.036762096,0.036760765,0.022566558,0.001055340,0.001270445,0.001055340
0.022562185,0.022562185,0.027742251,0.029887361,0.027742251,0.022562185,0.017367967,0.015222093,0.017367967,0.022562185,0.029979953,0.030492570,0.030680201,0.030492570,0.029979953,0.022562185,0.014357320,0.008360912,0.006166074,0.008360912,0.014357320,0.022562185,0.030606274,0.030763042,0.030764510,0.030763042,0.030606274,0.022562185,0.007030847,0.000149478,0.000293052,0.000149478,0.007030847,0.022562185,0.030767837,0.030768908,0.030767837,0.022562185,0.001192091,0.001403609,0.001192091
0.021264668,0.021264668,0.022559040,0.022561546,0.022559040,0.021264668,0.016379049,0.014355359,0.016379049,0.021264668,0.022562185,0.022566558,0.022568159,0.022566558,0.022562185,0.021264668,0.013539825,0.007884848,0.005814982,0.007884848,0.013539825,0.021264668,0.022567528,0.022571492,0.022572647,0.022571492,0.022567528,0.021264668,0.006630516,0.000169081,0.000331486,0.000169081,0.006630516,0.021264668,0.022575172,0.022575929,0.022575172,0.021264668,0.001273011,0.001414795,0.001273011
0.006630516,0.006630516,0.007034113,0.007034894,0.007034113,0.006630516,0.005107135,0.004476131,0.005107135,0.006630516,0.007035093,0.007036457,0.007036956,0.007036457,0.007035093,0.006630516,0.004221840,0.002458567,0.001813164,0.002458567,0.004221840,0.006630516,0.007036759,0.007037995,0.007038355,0.007037995,0.007036759,0.006630516,0.002067455,0.000052721,0.000103360,0.000052721,0.002067455,0.006630516,0.007039143,0.007039379,0.007039143,0.006630516,0.000396936,0.000441146,0.000396936
0.000169081,0.000169081,0.000197176,0.000207216,0.000197176,0.000169081,0.000130234,0.000114144,0.000130234,0.000169081,0.000209958,0.000228752,0.000235631,0.000228752,0.000209958,0.000169081,0.000107659,0.000062695,0.000046237,0.000062695,0.000107659,0.000169081,0.000232920,0.000252523,0.000258600,0.000252523,0.000232920,0.000169081,0.000052721,0.000783751,0.001536552,0.000783751,0.000052721,0.000169081,0.000277603,0.000286970,0.000277603,0.000169081,0.004333017,0.004333927,0.004333017
0.000331486,0.000331486,0.000386566,0.000406249,0.000386566,0.000331486,0.000255326,0.000223779,0.000255326,0.000331486,0.000411625,0.000448470,0.000461956,0.000448470,0.000411625,0.000331486,0.000211066,0.000122913,0.000090647,0.000122913,0.000211066,0.000331486,0.000456643,0.000495075,0.000506988,0.000495075,0.000456643,0.000331486,0.000103360,0.001536552,0.003012424,0.001536552,0.000103360,0.000331486,0.000544244,0.000562608,0.000544244,0.000331486,0.008494920,0.008496705,0.008494920
0.000169081,0.000169081,0.000197176,0.000207216,0.000197176,0.000169081,0.000130234,0.000114144,0.000130234,0.000169081,0.000209958,0.000228752,0.000235631,0.000228752,0.000209958,0.000169081,0.000107659,0.000062695,0.000046237,0.000062695,0.000107659,0.000169081,0.000232920,0.000252523,0.000258600,0.000252523,0.000232920,0.000169081,0.000052721,0.000783751,0.001536552,0.000783751,0.000052721,0.000169081,0.000277603,0.000286970,0.000277603,0.000169081,0.004333017,0.004333927,0.004333017
0.006630516,0.006630516,0.007034113,0.007034894,0.007034113,0.006630516,0.005107135,0.004476131,0.005107135,0.006630516,0.007035093,0.007036457,0.007036956,0.007036457,0.007035093,0.006630516,0.004221840,0.002458567,0.001813164,0.002458567,0.004221840,0.006630516,0.007036759,0.007037995,0.007038355,0.007037995,0.007036759,0.006630516,0.002067455,0.000052721,0.000103360,0.000052721,0.002067455,0.006630516,0.007039143,0.007039379,0.007039143,0.006630516,0.000396936,0.000441146,0.000396936
0.021264668,0.021264668,0.022559040,0.022561546,0.022559040,0.021264668,0.016379049,0.014355359,0.016379049,0.021264668,0.022562185,0.022566558,0.022568159,0.022566558,0.022562185,0.021264668,0.013539825,0.007884848,0.005814982,0.007884848,0.013539825,0.021264668,0.022567528,0.022571492,0.022572647,0.022571492,0.022567528,0.021264668,0.006630516,0.000169081,0.000331486,0.000169081,0.006630516,0.021264668,0.022575172,0.022575929,0.022575172,0.021264668,0.001273011,0.001414795,0.001273011
0.022567528,0.022567528,0.027748497,0.029893932,0.027748497,0.022567528,0.017363532,0.015218206,0.017363532,0.022567528,0.030606274,0.035520183,0.037318799,0.035520183,0.030606274,0.022567528,0.014353654,0.008358777,0.006164499,0.008358777,0.014353654,0.022567528,0.036610139,0.038084404,0.038086082,0.038084404,0.036610139,0.022567528,0.007029051,0.000126160,0.000247338,0.000126160,0.007029051,0.022567528,0.038090058,0.038091446,0.038090058,0.022567528,0.001025007,0.001240908,0.001025007
0.022571492,0.022571492,0.027753164,0.029898860,0.027753164,0.022571492,0.017359420,0.015214602,0.017359420,0.022571492,0.030763042,0.036755267,0.038948573,0.036755267,0.030763042,0.022571492,0.014350254,0.008356797,0.006163039,0.008356797,0.014350254,0.022571492,0.038084404,0.044464439,0.046458327,0.044464439,0.038084404,0.022571492,0.007027387,0.000106089,0.000207988,0.000106089,0.007027387,0.022571492,0.049436705,0.049438541,0.049436705,0.022571492,0.000867809,0.001065739,0.000867809
0.022572647,0.022572647,0.027754529,0.029900303,0.027754529,0.022572647,0.017358105,0.015213449,0.017358105,0.022572647,0.030764510,0.036756906,0.038950276,0.036756906,0.030764510,0.022572647,0.014349167,0.008356164,0.006162572,0.008356164,0.014349167,0.022572647,0.038086082,0.046458327,0.049318179,0.046458327,0.038086082,0.022572647,0.007026854,0.000099847,0.000195751,0.000099847,0.007026854,0.022572647,0.053589419,0.053591416,0.053589419,0.022572647,0.000817265,0.001006916,0.000817265
0.022571492,0.022571492,0.027753164,0.029898860,0.027753164,0.022571492,0.017359420,0.015214602,0.017359420,0.022571492,0.030763042,0.036755267,0.038948573,0.036755267,0.030763042,0.022571492,0.014350254,0.008356797,0.006163039,0.008356797,0.014350254,0.022571492,0.038084404,0.044464439,0.046458327,0.044464439,0.038084404,0.022571492,0.007027387,0.000106089,0.000207988,0.000106089,0.007027387,0.022571492,0.049436705,0.049438541,0.049436705,0.022571492,0.000867809,0.001065739,0.000867809
0.022567528,0.022567528,0.027748497,0.029893932,0.027748497,0.022567528,0.017363532,0.015218206,0.017363532,0.022567528,0.030606274,0.035520183,0.037318799,0.035520183,0.030606274,0.022567528,0.014353654,0.008358777,0.006164499,0.008358777,0.014353654,0.022567528,0.036610139,0.038084404,0.038086082,0.038084404,0.036610139,0.022567528,0.007029051,0.000126160,0.000247338,0.000126160,0.007029051,0.022567528,0.038090058,0.038091446,0.038090058,0.022567528,0.001025007,0.001240908,0.001025007
0.021264668,0.021264668,0.022559040,0.022561546,0.022559040,0.021264668,0.016379049,0.014355359,0.016379049,0.021264668,0.022562185,0.022566558,0.022568159,0.022566558,0.022562185,0.021264668,0.013539825,0.007884848,0.005814982,0.007884848,0.013539825,0.021264668,0.022567528,0.022571492,0.022572647,0.022571492,0.022567528,0.021264668,0.006630516,0.000169081,0.000331486,0.000169081,0.006630516,0.021264668,0.022575172,0.022575929,0.022575172,0.021264668,0.001273011,0.001414795,0.001273011
0.000596093,0.000596093,0.000703969,0.000744331,0.000703969,0.000596093,0.000980533,0.000859385,0.000980533,0.000596093,0.000757462,0.000847983,0.000881116,0.000847983,0.000757462,0.000596093,0.000810563,0.000472027,0.000348114,0.000472027,0.000810563,0.000596093,0.000868062,0.000991374,0.001033202,0.000991374,0.000868062,0.000596093,0.000396936,0.004333017,0.008494920,0.004333017,0.000396936,0.000596093,0.001218507,0.001334376,0.001218507,0.000596093,0.040679600,0.043880633,0.040679600
0.000448254,0.000448254,0.000528803,0.000558834,0.000528803,0.000448254,0.001089742,0.000955100,0.001089742,0.000448254,0.000568733,0.000637003,0.000661991,0.000637003,0.000568733,0.000448254,0.000900841,0.000524600,0.000386886,0.000524600,0.000900841,0.000448254,0.000652146,0.000748133,0.000780977,0.000748133,0.000652146,0.000448254,0.000441146,0.004333927,0.008496705,0.004333927,0.000441146,0.000448254,0.000936803,0.001037518,0.000936803,0.000448254,0.043880633,0.062027604,0.043880633
0.000596093,0.000596093,0.000703969,0.000744331,0.000703969,0.000596093,0.000980533,0.000859385,0.000980533,0.000596093,0.000757462,0.000847983,0.000881116,0.000847983,0.000757462,0.000596093,0.000810563,0.000472027,0.000348114,0.000472027,0.000810563,0.000596093,0.000868062,0.000991374,0.001033202,0.000991374,0.000868062,0.000596093,0.000396936,0.004333017,0.008494920,0.004333017,0.000396936,0.000596093,0.001218507,0.001334376,0.001218507,0.000596093,0.040679600,0.043880633,0.040679600
0.021264668,0.021264668,0.022559040,0.022561546,0.022559040,0.021264668,0.016379049,0.014355359,0.016379049,0.021264668,0.022562185,0.022566558,0.022568159,0.022566558,0.022562185,0.021264668,0.013539825,0.007884848,0.005814982,0.007884848,0.013539825,0.021264668,0.022567528,0.022571492,0.022572647,0.022571492,0.022567528,0.021264668,0.006630516,0.000169081,0.000331486,0.000169081,0.006630516,0.021264668,0.022575172,0.022575929,0.022575172,0.021264668,0.001273011,0.001414795,0.001273011
0.022575172,0.022575172,0.027757573,0.029903553,0.027757573,0.022575172,0.017353677,0.015209568,0.017353677,0.022575172,0.030767837,0.036760765,0.038954329,0.036760765,0.030767837,0.022575172,0.014345507,0.008354032,0.006161001,0.008354032,0.014345507,0.022575172,0.038090058,0.049436705,0.053589419,0.049436705,0.038090058,0.022575172,0.007025062,0.000079266,0.000155401,0.000079266,0.007025062,0.022575172,0.073997050,0.087396434,0.073997050,0.022575172,0.000647076,0.000801497,0.000647076
0.022575929,0.022575929,0.027758524,0.029904587,0.027758524,0.022575929,0.017351354,0.015207532,0.017351354,0.022575929,0.030768908,0.036762096,0.038955754,0.036762096,0.030768908,0.022575929,0.014343586,0.008352914,0.006160176,0.008352914,0.014343586,0.022575929,0.038091446,0.049438541,0.053591416,0.049438541,0.038091446,0.022575929,0.007024121,0.000068644,0.000134578,0.000068644,0.007024121,0.022575929,0.087396434,0.113430007,0.087396434,0.022575929,0.000557733,0.000690585,0.000557733
0.022575172,0.022575172,0.027757573,0.029903553,0.027757573,0.022575172,0.017353677,0.015209568,0.017353677,0.022575172,0.030767837,0.036760765,0.038954329,0.036760765,0.030767837,0.022575172,0.014345507,0.008354032,0.006161001,0.008354032,0.014345507,0.022575172,0.038090058,0.049436705,0.053589419,0.049436705,0.038090058,0.022575172,0.007025062,0.000079266,0.000155401,0.000079266,0.007025062,0.022575172,0.073997050,0.087396434,0.073997050,0.022575172,0.000647076,0.000801497,0.000647076
